278.408000
286.541000
286.910000
291.561000
270.259000
271.846000
278.248000
265.598000
265.955000
273.777000
266.423000
261.289000
270.486000
292.136000
273.242000
262.880000
271.426000
275.963000
264.354000
279.370000
283.029000
265.603000
263.512000
264.482000
278.872000
274.773000
271.015000
277.860000
276.857000
267.242000
273.016000
272.238000
273.928000
270.908000
275.533000
278.468000
264.672000
267.199000
260.498000
269.250000
267.298000
280.146000
279.415000
261.439000
273.472000
262.898000
274.050000
273.219000
266.340000
276.127000
269.222000
267.931000
275.968000
257.236000
268.300000
264.621000
287.592000
344.214000
284.295000
268.018000
281.102000
266.043000
265.368000
278.394000
272.871000
284.076000
279.502000
260.101000
268.517000
267.541000
278.958000
273.406000
263.331000
278.885000
270.737000
266.735000
278.100000
277.038000
273.220000
264.074000
260.418000
271.773000
267.047000
265.493000
274.993000
273.039000
262.719000
270.355000
273.938000
271.837000
266.831000
268.008000
279.075000
264.400000
275.987000
261.218000
288.838000
279.640000
273.764000
277.615000
