303.820000
303.530000
304.677000
326.721000
309.835000
296.313000
298.984000
292.473000
293.311000
277.895000
294.745000
280.377000
273.968000
279.463000
279.971000
277.855000
280.381000
289.377000
280.921000
271.323000
272.227000
278.011000
275.115000
275.087000
273.846000
284.483000
272.298000
271.998000
277.143000
285.727000
277.304000
279.121000
279.973000
281.632000
293.964000
276.006000
288.501000
280.981000
284.898000
278.295000
291.366000
283.402000
290.665000
280.782000
272.673000
280.276000
278.601000
292.954000
277.095000
279.237000
282.371000
276.516000
284.730000
283.758000
279.216000
288.638000
283.807000
279.900000
282.587000
289.367000
279.954000
273.714000
287.872000
283.718000
279.515000
285.722000
286.567000
278.591000
285.603000
287.634000
298.095000
283.469000
285.781000
291.602000
296.139000
294.206000
286.987000
291.071000
286.869000
274.554000
279.706000
278.125000
277.363000
281.212000
287.280000
286.748000
278.926000
280.989000
282.036000
282.496000
286.105000
281.334000
288.932000
282.517000
279.322000
288.415000
286.483000
277.084000
282.157000
285.262000
