293.961000
265.304000
282.262000
288.264000
285.741000
272.222000
268.715000
285.612000
276.456000
266.183000
269.120000
278.095000
276.644000
268.374000
281.041000
273.211000
271.035000
275.949000
281.055000
278.555000
324.422000
294.938000
286.998000
316.052000
384.839000
362.018000
286.599000
287.641000
287.279000
308.468000
296.525000
274.526000
277.349000
289.407000
274.891000
284.859000
275.110000
288.766000
276.142000
276.394000
279.753000
280.917000
273.086000
272.413000
277.227000
273.795000
284.218000
272.543000
278.392000
276.485000
273.442000
277.313000
281.221000
277.836000
278.181000
277.665000
274.965000
260.437000
276.890000
276.517000
293.269000
296.772000
291.304000
287.216000
294.721000
387.378000
307.528000
301.872000
292.823000
291.965000
292.584000
299.597000
282.813000
291.617000
265.902000
281.441000
274.555000
274.297000
278.983000
273.120000
275.720000
272.198000
276.223000
265.278000
280.266000
279.268000
271.760000
276.749000
277.600000
279.469000
268.493000
279.347000
277.663000
282.836000
276.689000
268.244000
270.580000
261.539000
266.908000
273.355000
