286.533000
282.714000
283.065000
285.778000
281.332000
280.249000
277.391000
272.478000
273.173000
272.564000
285.451000
268.097000
283.491000
264.296000
271.946000
278.967000
277.114000
269.415000
273.964000
291.712000
280.644000
274.572000
267.701000
281.709000
276.984000
279.718000
280.340000
281.671000
280.791000
282.958000
291.004000
277.824000
269.074000
288.928000
272.146000
274.228000
284.557000
272.702000
282.625000
264.330000
283.096000
284.653000
269.080000
272.766000
276.764000
274.193000
285.803000
281.920000
272.735000
278.738000
279.060000
275.230000
276.523000
280.679000
280.397000
270.386000
280.406000
274.193000
280.872000
279.832000
270.975000
293.665000
277.620000
280.905000
286.645000
282.691000
286.022000
267.340000
280.528000
281.747000
274.175000
276.986000
284.798000
271.522000
271.739000
285.186000
275.037000
273.266000
273.137000
269.046000
276.047000
271.158000
271.906000
267.305000
267.173000
277.228000
270.940000
278.472000
272.940000
279.320000
273.252000
265.379000
271.949000
282.819000
272.519000
266.609000
278.335000
278.932000
283.499000
280.287000
