277.640000
288.572000
289.644000
284.866000
290.299000
288.252000
281.061000
279.415000
286.066000
273.053000
270.332000
284.603000
275.025000
282.073000
287.718000
282.197000
275.623000
286.847000
273.595000
281.924000
284.572000
263.952000
277.556000
265.827000
277.672000
263.813000
280.582000
276.860000
270.222000
290.679000
279.204000
283.267000
268.147000
282.752000
280.978000
273.480000
286.144000
264.337000
270.229000
271.476000
276.969000
261.071000
277.584000
286.115000
283.471000
267.808000
273.487000
279.320000
272.577000
271.913000
284.181000
274.369000
278.530000
270.636000
280.107000
266.216000
275.259000
281.147000
279.932000
294.287000
269.691000
272.149000
274.451000
291.241000
291.200000
287.876000
285.186000
292.310000
282.018000
289.864000
286.687000
301.885000
285.021000
287.890000
282.615000
290.048000
286.016000
286.139000
306.132000
274.501000
280.556000
289.224000
277.747000
278.730000
280.296000
274.386000
276.269000
272.636000
278.659000
276.102000
280.193000
273.525000
274.987000
269.185000
278.109000
273.642000
275.001000
283.622000
284.944000
282.395000
