332.819000
293.422000
291.724000
292.606000
293.077000
280.498000
278.588000
282.832000
300.346000
284.558000
278.156000
282.071000
288.982000
275.565000
278.676000
280.428000
276.451000
275.714000
281.934000
269.317000
279.077000
273.529000
280.834000
277.032000
267.613000
272.664000
268.256000
274.697000
283.779000
282.173000
284.687000
283.206000
271.637000
282.484000
271.935000
281.029000
269.045000
276.683000
275.706000
279.525000
279.494000
282.944000
283.075000
285.605000
280.600000
277.206000
283.230000
280.109000
304.051000
273.224000
283.752000
287.709000
274.290000
280.075000
273.118000
278.416000
284.247000
285.397000
287.200000
275.558000
273.383000
258.260000
269.860000
273.165000
277.642000
274.830000
284.494000
280.740000
292.874000
277.285000
294.901000
280.037000
280.932000
267.971000
279.609000
270.121000
291.936000
279.052000
278.809000
279.797000
284.734000
275.261000
278.335000
266.193000
286.039000
273.195000
280.844000
277.636000
276.961000
271.254000
277.328000
265.668000
273.915000
265.649000
295.700000
277.457000
273.186000
275.333000
281.612000
271.838000
