287.068000
275.662000
284.861000
280.170000
275.015000
277.884000
267.632000
294.721000
271.302000
264.126000
256.673000
268.524000
267.249000
270.270000
285.056000
275.739000
292.769000
272.224000
278.663000
272.038000
264.069000
286.948000
268.922000
280.019000
269.995000
263.484000
273.357000
266.676000
277.597000
279.887000
273.254000
273.171000
273.229000
270.086000
262.889000
271.953000
278.555000
274.374000
270.824000
276.954000
264.541000
263.086000
262.061000
279.998000
286.702000
267.721000
272.446000
282.072000
266.475000
262.357000
282.124000
260.099000
257.885000
263.481000
268.052000
277.893000
258.432000
274.671000
268.001000
265.008000
275.108000
266.340000
263.311000
280.735000
278.623000
267.357000
269.967000
261.711000
266.100000
276.126000
267.352000
285.058000
271.197000
273.061000
279.604000
277.795000
278.453000
278.607000
268.359000
276.978000
286.013000
268.410000
269.524000
261.419000
262.256000
261.003000
284.185000
271.400000
281.472000
267.114000
272.172000
270.213000
264.279000
285.319000
270.740000
267.520000
266.971000
268.770000
271.728000
270.099000
