277.878000
276.653000
282.716000
275.330000
286.826000
283.933000
283.823000
284.419000
272.866000
264.952000
272.029000
280.080000
271.178000
276.774000
264.429000
267.374000
270.323000
262.388000
263.924000
270.876000
281.474000
263.210000
271.319000
275.185000
267.873000
278.743000
277.932000
285.266000
271.460000
264.402000
271.381000
268.740000
264.803000
263.056000
283.809000
276.106000
277.856000
278.475000
271.392000
279.448000
273.445000
276.680000
273.408000
284.089000
271.340000
264.072000
265.301000
269.479000
266.236000
281.311000
278.292000
287.894000
266.546000
261.536000
277.785000
275.609000
277.112000
257.088000
262.252000
272.853000
284.173000
281.678000
268.318000
276.851000
267.598000
281.269000
279.156000
272.013000
271.279000
269.021000
283.309000
281.633000
273.092000
283.478000
281.732000
275.733000
279.294000
283.201000
275.599000
281.947000
275.126000
269.425000
281.757000
277.213000
272.447000
269.782000
268.623000
285.553000
269.237000
267.779000
279.110000
286.896000
274.310000
271.731000
275.487000
275.469000
277.387000
279.654000
275.704000
278.699000
