284.965000
276.002000
267.155000
274.791000
275.701000
271.530000
277.244000
281.573000
268.290000
269.904000
269.842000
268.958000
265.766000
267.840000
282.092000
270.325000
269.181000
271.770000
280.672000
264.604000
272.176000
283.656000
276.566000
274.195000
272.807000
268.165000
272.246000
266.057000
276.314000
294.039000
270.988000
271.371000
263.385000
272.763000
263.398000
280.312000
275.119000
265.358000
268.154000
264.659000
270.933000
259.741000
270.400000
272.921000
272.496000
275.561000
271.239000
268.080000
273.695000
265.688000
279.521000
269.424000
271.164000
278.931000
274.485000
267.157000
268.415000
276.543000
270.282000
277.864000
274.591000
275.762000
269.352000
259.922000
278.892000
270.224000
282.806000
274.527000
271.538000
278.052000
264.116000
278.478000
272.551000
269.305000
275.594000
268.549000
262.530000
277.663000
278.841000
273.464000
269.258000
272.125000
271.172000
270.068000
263.376000
274.422000
271.384000
272.444000
265.504000
269.305000
276.248000
265.767000
273.495000
277.428000
275.210000
275.616000
270.124000
271.182000
269.718000
258.643000
