285.354000
286.367000
274.360000
274.597000
273.793000
283.160000
283.342000
269.497000
278.875000
272.353000
267.497000
270.209000
271.162000
263.539000
260.753000
262.456000
277.726000
270.145000
267.990000
268.892000
274.919000
267.602000
256.665000
265.848000
265.638000
271.339000
260.751000
273.371000
265.982000
268.842000
274.498000
278.094000
272.803000
269.936000
273.461000
265.413000
267.665000
263.991000
275.246000
266.668000
269.449000
282.076000
270.850000
268.569000
270.523000
267.689000
264.346000
267.076000
274.692000
268.720000
262.256000
276.435000
268.963000
266.719000
269.630000
265.195000
278.937000
270.113000
262.764000
260.263000
262.411000
267.503000
263.080000
277.186000
262.740000
273.205000
259.358000
265.051000
265.134000
265.102000
275.688000
265.630000
265.782000
270.529000
268.341000
276.456000
265.055000
266.239000
269.100000
266.690000
275.308000
278.945000
264.553000
262.296000
260.920000
273.748000
267.112000
273.125000
265.523000
271.348000
271.728000
266.285000
276.120000
268.517000
262.598000
262.740000
263.827000
282.718000
269.322000
273.916000
