291.018000
280.139000
267.778000
286.584000
276.516000
271.167000
276.542000
278.525000
276.212000
266.768000
260.016000
262.859000
268.275000
266.921000
274.410000
271.638000
294.217000
270.365000
267.673000
280.639000
272.896000
268.645000
273.048000
273.267000
272.564000
283.865000
276.139000
275.350000
268.965000
281.551000
261.932000
267.586000
274.960000
268.342000
266.690000
266.961000
277.875000
271.575000
268.369000
263.848000
270.987000
270.671000
264.181000
276.984000
273.989000
256.307000
262.656000
261.393000
273.221000
264.128000
268.700000
275.045000
264.768000
267.565000
263.018000
273.394000
281.255000
269.737000
296.236000
266.463000
269.324000
274.339000
262.979000
279.542000
280.874000
276.673000
270.260000
258.385000
269.795000
276.728000
265.045000
263.865000
279.178000
274.113000
262.586000
274.369000
273.892000
269.293000
268.659000
271.999000
276.177000
269.176000
269.440000
261.610000
263.339000
263.930000
279.931000
283.787000
271.959000
273.450000
265.214000
268.322000
262.085000
269.976000
279.348000
276.145000
272.604000
284.636000
268.803000
269.407000
