283.412000
271.037000
290.405000
283.919000
277.904000
271.041000
267.714000
279.256000
286.716000
274.102000
274.915000
282.284000
280.075000
271.501000
293.052000
269.029000
275.724000
270.334000
294.637000
276.381000
258.658000
269.857000
268.082000
270.115000
270.110000
261.072000
282.624000
269.047000
265.472000
261.350000
272.935000
266.912000
266.878000
282.891000
271.141000
265.659000
263.777000
265.399000
263.472000
276.768000
282.954000
265.138000
276.563000
262.407000
277.890000
267.452000
273.488000
285.687000
272.563000
270.852000
277.622000
272.196000
264.175000
276.887000
304.218000
272.739000
261.238000
268.713000
281.493000
265.713000
283.687000
266.592000
284.781000
268.152000
262.563000
265.557000
280.107000
265.391000
280.912000
268.550000
270.977000
267.860000
274.662000
277.169000
274.678000
270.917000
278.484000
265.839000
278.454000
272.951000
278.048000
277.214000
269.232000
283.201000
282.074000
283.731000
278.866000
270.208000
295.125000
274.410000
283.130000
273.987000
279.588000
259.839000
269.845000
271.198000
274.671000
286.299000
274.907000
267.231000
