287.806000
286.155000
288.272000
288.326000
287.553000
290.540000
270.457000
266.114000
284.648000
281.960000
266.431000
269.681000
271.870000
273.414000
272.069000
280.867000
283.241000
278.369000
272.801000
262.853000
265.294000
276.769000
277.306000
280.024000
267.305000
270.808000
260.856000
256.826000
258.941000
289.829000
281.911000
275.666000
267.666000
277.635000
264.420000
271.457000
276.394000
275.321000
280.713000
265.574000
263.956000
264.022000
269.491000
266.494000
288.277000
277.720000
260.364000
281.618000
285.535000
269.902000
285.038000
276.839000
276.679000
280.990000
297.223000
270.478000
270.493000
273.134000
277.268000
271.526000
285.381000
266.783000
262.708000
265.224000
269.133000
272.131000
276.140000
288.331000
277.359000
261.115000
266.950000
274.661000
274.610000
271.206000
272.363000
268.855000
275.689000
269.192000
270.588000
285.134000
274.107000
265.243000
273.407000
259.567000
275.157000
266.968000
278.520000
279.568000
289.935000
277.114000
271.057000
274.786000
276.375000
271.268000
270.014000
273.444000
276.152000
303.207000
297.041000
305.473000
