289.877000
282.332000
271.986000
277.046000
287.561000
271.564000
272.719000
276.097000
281.333000
268.488000
265.136000
276.000000
270.168000
271.283000
264.754000
265.138000
274.323000
271.777000
282.462000
287.674000
265.596000
265.498000
263.651000
266.549000
265.320000
275.770000
272.530000
271.909000
272.892000
266.155000
270.123000
260.439000
271.598000
269.481000
281.400000
284.696000
274.627000
268.060000
262.162000
263.587000
275.840000
274.793000
296.722000
276.596000
277.122000
287.536000
292.420000
289.684000
275.432000
274.798000
274.621000
269.587000
268.447000
263.604000
272.669000
285.733000
277.441000
271.597000
277.825000
268.638000
267.146000
275.375000
284.443000
263.614000
281.276000
274.232000
270.305000
274.812000
279.918000
269.560000
265.251000
275.514000
272.301000
275.425000
276.677000
276.179000
274.084000
266.742000
269.097000
269.981000
275.618000
279.336000
278.837000
263.837000
270.401000
285.689000
273.128000
277.563000
260.374000
275.409000
274.366000
266.313000
271.104000
273.647000
264.643000
266.340000
276.717000
276.105000
270.628000
273.792000
