322.539000
295.738000
298.507000
292.111000
295.901000
296.982000
274.326000
313.168000
304.109000
294.866000
279.553000
288.975000
288.000000
306.741000
290.890000
279.743000
293.908000
297.598000
299.213000
299.153000
296.797000
294.472000
302.330000
306.729000
295.090000
299.797000
295.734000
289.753000
289.845000
284.260000
278.483000
283.867000
287.751000
296.808000
287.232000
303.496000
309.830000
290.131000
304.372000
293.342000
307.357000
296.359000
300.818000
304.774000
315.160000
305.729000
300.122000
301.405000
296.651000
295.772000
308.067000
303.678000
307.096000
299.191000
278.101000
307.766000
321.986000
304.057000
357.036000
296.865000
332.547000
312.862000
299.195000
306.599000
306.334000
311.257000
314.811000
304.994000
296.445000
301.570000
307.677000
308.968000
290.516000
293.577000
282.543000
291.636000
279.377000
290.260000
284.582000
281.860000
289.992000
298.267000
284.920000
291.405000
276.990000
287.766000
274.623000
284.933000
281.431000
289.331000
279.110000
286.065000
287.426000
284.492000
280.155000
282.740000
283.893000
309.187000
313.500000
307.720000
