294.459000
298.283000
300.419000
298.408000
317.886000
307.008000
289.086000
290.966000
283.807000
289.655000
300.534000
295.256000
300.779000
293.560000
288.882000
303.016000
288.088000
290.048000
296.251000
295.828000
283.742000
291.130000
287.327000
299.007000
297.861000
303.381000
293.419000
288.458000
286.957000
285.002000
280.634000
285.512000
287.775000
303.638000
297.464000
305.551000
296.204000
292.182000
283.929000
290.890000
291.818000
287.754000
291.607000
288.621000
298.114000
277.078000
284.163000
284.360000
298.597000
283.923000
293.116000
287.161000
291.836000
289.973000
286.096000
285.541000
287.454000
288.785000
301.206000
278.123000
283.594000
275.547000
281.874000
284.572000
277.380000
276.185000
272.594000
292.001000
275.524000
300.006000
298.606000
298.728000
299.535000
294.782000
360.904000
291.045000
283.275000
281.720000
276.697000
280.140000
274.192000
274.263000
274.648000
286.723000
279.140000
283.934000
281.902000
282.234000
275.855000
267.542000
276.866000
283.429000
288.298000
292.249000
294.075000
307.844000
293.422000
287.604000
283.778000
292.635000
