282.660000
280.472000
280.510000
290.543000
288.575000
268.602000
271.238000
284.217000
288.383000
272.275000
284.962000
280.001000
275.903000
279.965000
270.551000
270.023000
269.086000
274.082000
271.274000
279.828000
267.775000
276.823000
261.015000
269.626000
265.930000
276.432000
266.170000
272.488000
265.905000
272.483000
269.459000
286.722000
275.799000
277.919000
266.148000
295.632000
267.826000
268.130000
263.410000
291.809000
273.124000
281.339000
275.284000
285.517000
264.785000
270.823000
279.077000
275.556000
275.162000
282.182000
275.897000
281.825000
264.302000
285.507000
268.723000
279.408000
267.697000
270.454000
265.672000
273.953000
267.826000
273.857000
259.318000
271.831000
269.172000
265.306000
272.651000
278.903000
270.486000
272.348000
270.817000
278.093000
266.749000
274.424000
281.048000
278.714000
262.094000
275.491000
268.289000
277.497000
267.345000
268.707000
282.823000
294.591000
276.243000
273.622000
268.941000
269.632000
264.146000
279.588000
277.096000
265.441000
262.654000
272.637000
258.895000
272.106000
283.216000
275.274000
274.529000
272.583000
