279.263000
286.998000
295.291000
287.989000
276.606000
272.376000
276.888000
279.589000
277.478000
271.577000
280.953000
282.792000
270.590000
272.189000
282.457000
277.939000
272.809000
283.121000
271.708000
278.782000
272.872000
266.347000
280.161000
268.562000
275.752000
274.781000
281.885000
266.653000
273.906000
270.016000
277.838000
279.679000
277.665000
257.895000
265.851000
269.882000
268.768000
261.149000
291.831000
278.325000
269.824000
279.588000
269.638000
273.725000
290.907000
284.860000
287.241000
284.274000
280.321000
283.235000
288.007000
274.150000
294.370000
276.520000
277.209000
274.300000
275.638000
290.585000
275.497000
285.241000
285.556000
283.793000
286.377000
276.079000
274.166000
265.296000
281.899000
278.521000
270.161000
268.231000
271.306000
272.441000
269.764000
280.652000
271.292000
281.350000
279.151000
270.691000
266.872000
262.021000
289.548000
269.490000
269.630000
262.977000
278.072000
277.355000
271.513000
282.092000
280.081000
274.711000
278.130000
270.969000
274.284000
265.418000
272.817000
271.587000
275.838000
273.775000
264.511000
283.117000
