313.059000
303.823000
314.242000
281.803000
293.636000
295.860000
293.262000
298.879000
293.550000
300.054000
285.513000
283.637000
273.431000
273.599000
293.458000
279.713000
279.238000
298.281000
302.768000
286.071000
284.180000
298.491000
289.231000
288.191000
277.590000
275.022000
271.471000
265.621000
281.632000
273.662000
273.729000
271.054000
278.615000
280.050000
282.759000
279.420000
273.819000
266.501000
280.254000
279.080000
272.465000
278.525000
279.680000
272.621000
274.503000
274.092000
273.479000
272.970000
273.525000
278.630000
275.544000
281.548000
282.606000
270.738000
270.901000
276.253000
278.808000
271.956000
275.375000
272.592000
274.083000
267.595000
274.274000
280.452000
274.605000
273.453000
274.814000
276.471000
263.994000
268.878000
268.957000
276.011000
280.909000
287.587000
266.523000
268.497000
270.929000
262.148000
275.581000
276.264000
270.674000
257.857000
271.625000
268.826000
276.389000
278.312000
272.437000
279.990000
284.234000
274.419000
277.484000
271.538000
278.439000
286.049000
283.570000
278.425000
269.928000
269.393000
277.307000
275.701000
