284.114000
281.581000
273.758000
285.339000
288.069000
272.134000
267.743000
265.485000
277.688000
271.864000
283.421000
274.161000
284.226000
276.199000
263.125000
265.171000
269.860000
278.555000
278.675000
270.419000
273.955000
277.434000
268.920000
266.323000
271.590000
283.523000
269.400000
266.599000
278.123000
274.135000
273.202000
275.281000
284.484000
264.111000
268.475000
266.750000
272.686000
264.925000
269.611000
279.576000
268.292000
264.009000
272.062000
285.552000
295.729000
285.893000
286.905000
277.502000
275.329000
267.077000
270.070000
276.645000
275.800000
275.856000
270.099000
275.891000
272.955000
265.093000
263.508000
268.990000
278.633000
271.567000
266.099000
268.239000
268.897000
273.198000
260.957000
274.960000
287.545000
282.531000
271.954000
273.079000
280.358000
269.416000
272.873000
279.153000
270.836000
262.761000
266.416000
271.876000
271.447000
272.863000
277.562000
278.415000
277.276000
265.869000
284.331000
273.431000
267.290000
278.775000
269.897000
279.447000
269.431000
260.028000
265.377000
266.463000
275.066000
261.538000
265.145000
276.687000
