295.077000
308.782000
312.222000
340.668000
320.743000
327.374000
298.686000
307.766000
310.392000
319.021000
380.636000
300.405000
297.436000
295.003000
282.040000
283.221000
286.790000
292.092000
281.178000
285.041000
281.325000
291.134000
286.927000
287.428000
293.545000
292.206000
283.834000
278.622000
294.508000
281.204000
285.097000
283.474000
281.504000
286.416000
279.485000
282.046000
286.501000
279.328000
280.090000
289.489000
279.396000
283.852000
291.549000
290.034000
287.131000
287.748000
283.825000
274.628000
283.046000
282.497000
289.346000
297.056000
285.795000
286.133000
283.149000
287.311000
289.523000
293.668000
301.052000
300.952000
284.432000
288.742000
287.465000
290.725000
304.597000
298.337000
293.907000
297.686000
298.831000
294.311000
290.878000
294.314000
287.691000
283.492000
280.367000
282.397000
286.683000
289.438000
284.704000
288.884000
279.365000
283.009000
285.000000
292.296000
286.764000
281.301000
277.605000
282.023000
282.366000
288.016000
294.847000
292.354000
280.029000
283.571000
281.833000
280.967000
288.365000
286.027000
285.073000
302.214000
