305.712000
276.357000
273.577000
275.893000
285.365000
282.171000
267.306000
278.673000
278.168000
282.101000
284.807000
280.431000
270.006000
266.143000
275.421000
283.423000
294.310000
267.500000
282.070000
277.837000
267.443000
291.829000
272.370000
268.070000
274.026000
274.102000
279.600000
277.168000
272.928000
275.504000
268.987000
282.753000
290.100000
277.971000
266.896000
274.210000
270.724000
273.014000
266.280000
272.469000
274.068000
275.819000
274.822000
272.074000
265.651000
264.396000
281.104000
274.951000
269.889000
268.333000
281.729000
272.686000
282.967000
281.141000
281.045000
271.933000
286.720000
272.134000
269.224000
268.279000
271.300000
275.748000
268.085000
273.131000
273.806000
267.725000
268.496000
268.867000
298.594000
268.843000
269.386000
274.228000
279.940000
274.392000
268.381000
280.360000
282.662000
268.191000
279.546000
279.304000
266.460000
272.527000
278.241000
271.427000
272.495000
282.539000
285.031000
290.373000
278.201000
292.625000
290.885000
282.181000
282.864000
273.733000
279.901000
274.972000
275.042000
266.283000
284.287000
266.901000
