289.057000
279.753000
276.413000
286.553000
278.918000
274.833000
272.976000
277.932000
277.303000
276.870000
266.277000
260.667000
259.571000
264.510000
273.943000
265.552000
280.544000
270.173000
271.222000
268.790000
270.933000
278.887000
272.366000
282.537000
286.399000
273.222000
269.837000
277.091000
264.145000
260.280000
274.200000
278.997000
272.441000
277.761000
264.324000
263.817000
259.236000
272.403000
276.851000
278.097000
271.375000
272.363000
268.646000
272.884000
266.882000
276.469000
277.234000
261.059000
265.457000
262.766000
268.203000
277.604000
275.409000
265.709000
273.054000
272.409000
272.217000
270.045000
265.272000
276.515000
267.871000
265.211000
270.690000
274.600000
268.023000
266.465000
276.200000
277.150000
273.869000
279.153000
277.182000
268.618000
272.530000
272.862000
266.797000
271.715000
266.736000
269.757000
281.966000
261.251000
275.233000
277.985000
272.983000
262.510000
269.563000
272.981000
291.534000
266.181000
271.728000
269.025000
281.184000
276.125000
272.360000
271.634000
269.974000
270.966000
281.989000
267.142000
263.943000
273.784000
