292.272000
285.509000
286.453000
285.655000
290.008000
299.863000
276.318000
266.612000
272.948000
276.460000
294.730000
287.534000
272.827000
300.478000
267.750000
277.028000
270.591000
280.016000
279.343000
276.380000
284.298000
286.416000
291.113000
270.348000
269.762000
273.615000
270.788000
264.171000
279.832000
280.568000
268.942000
274.260000
273.761000
271.781000
264.309000
272.597000
286.469000
275.883000
286.596000
277.802000
276.246000
263.624000
275.233000
276.446000
291.356000
276.881000
284.958000
276.771000
275.807000
279.049000
283.609000
290.461000
289.843000
278.206000
274.099000
280.424000
280.876000
276.789000
278.865000
291.975000
272.911000
274.053000
264.885000
274.017000
281.281000
280.435000
274.770000
292.233000
288.768000
265.965000
271.279000
278.577000
284.634000
281.003000
279.653000
285.653000
278.133000
281.287000
268.112000
271.906000
273.797000
276.582000
295.459000
271.286000
263.355000
280.050000
264.817000
274.747000
268.544000
272.134000
282.461000
265.272000
268.612000
271.293000
282.364000
273.354000
275.930000
272.199000
287.381000
267.804000
