67.689000
67.584000
68.290000
69.466000
69.759000
68.146000
65.652000
67.532000
69.111000
79.987000
69.571000
68.097000
68.507000
68.069000
67.447000
68.251000
68.043000
67.830000
67.061000
69.081000
68.234000
68.247000
69.235000
68.221000
67.418000
67.579000
69.318000
67.376000
67.280000
67.214000
68.198000
68.460000
65.881000
63.715000
68.575000
69.193000
67.913000
67.870000
65.643000
68.913000
69.088000
69.122000
65.658000
67.935000
65.315000
67.671000
67.701000
67.625000
66.084000
67.982000
67.261000
66.294000
64.899000
69.969000
65.528000
67.592000
67.177000
68.644000
68.388000
67.345000
67.302000
70.032000
67.450000
67.778000
74.085000
65.941000
68.569000
67.078000
68.657000
70.054000
68.935000
67.643000
67.393000
67.952000
65.641000
70.762000
67.175000
69.301000
67.780000
67.774000
68.862000
66.928000
66.145000
74.273000
68.015000
68.283000
67.381000
65.137000
66.185000
69.606000
65.847000
64.345000
64.705000
67.871000
68.212000
67.633000
69.109000
65.658000
66.979000
68.518000
