69.854000
69.260000
70.807000
68.848000
67.719000
67.300000
67.282000
71.115000
73.596000
71.858000
68.786000
67.303000
62.795000
68.237000
67.679000
69.515000
67.197000
69.792000
68.914000
92.871000
67.132000
65.697000
65.389000
66.311000
70.871000
67.389000
69.776000
68.352000
67.695000
65.711000
67.405000
69.838000
69.406000
71.825000
67.603000
68.531000
66.265000
66.743000
68.948000
71.418000
68.195000
67.385000
74.478000
71.375000
65.823000
66.726000
66.903000
68.480000
69.204000
67.644000
67.593000
65.597000
67.895000
69.088000
68.417000
67.131000
67.530000
66.066000
65.890000
67.099000
72.851000
67.622000
67.765000
67.620000
67.306000
67.034000
66.516000
67.592000
67.619000
71.201000
67.753000
67.519000
65.848000
65.925000
65.673000
65.809000
70.771000
69.575000
70.118000
69.205000
68.172000
67.570000
68.073000
62.626000
64.732000
68.490000
71.028000
67.459000
67.259000
67.683000
66.165000
66.551000
64.784000
67.665000
67.179000
69.352000
65.702000
70.239000
65.882000
65.565000
