68.110000
67.376000
68.195000
67.181000
68.270000
69.677000
67.558000
70.414000
68.772000
82.547000
70.538000
70.101000
67.340000
64.935000
68.683000
68.382000
66.109000
66.270000
68.133000
66.567000
67.069000
85.330000
68.811000
67.417000
74.033000
71.208000
77.015000
70.414000
69.355000
68.744000
72.753000
77.951000
91.957000
78.459000
72.597000
72.256000
74.297000
77.240000
72.014000
72.344000
71.431000
72.328000
69.265000
72.518000
66.465000
62.807000
69.042000
71.246000
68.769000
67.280000
65.284000
67.072000
64.295000
71.254000
66.926000
66.884000
64.852000
65.633000
61.776000
69.883000
67.790000
67.732000
67.553000
66.021000
63.566000
71.471000
70.658000
68.802000
67.289000
66.531000
64.988000
65.025000
67.227000
63.912000
70.515000
66.145000
69.030000
67.627000
68.782000
65.948000
67.722000
65.289000
68.751000
67.981000
64.378000
75.524000
65.077000
64.753000
65.289000
68.017000
66.649000
64.341000
68.121000
66.859000
71.964000
63.976000
67.868000
66.779000
65.021000
67.449000
