67.975000
68.890000
69.363000
75.647000
69.016000
71.646000
72.723000
67.396000
69.914000
72.639000
68.037000
78.711000
67.225000
70.244000
68.450000
67.651000
66.338000
64.927000
68.494000
65.773000
66.525000
65.975000
67.173000
74.723000
66.145000
65.196000
70.086000
68.925000
67.565000
69.893000
67.667000
68.190000
68.778000
70.131000
66.938000
67.212000
67.886000
67.858000
67.025000
63.887000
65.708000
73.943000
68.911000
67.307000
67.218000
70.187000
65.795000
67.743000
67.947000
66.782000
68.678000
67.059000
64.843000
67.005000
66.287000
69.429000
68.173000
70.597000
68.402000
69.369000
67.296000
64.866000
69.726000
67.664000
72.266000
65.397000
65.813000
70.409000
67.187000
67.937000
67.619000
67.164000
65.814000
66.623000
66.402000
66.873000
67.635000
67.904000
65.774000
66.294000
66.470000
66.689000
63.411000
66.691000
67.613000
69.163000
70.119000
69.793000
73.682000
67.336000
72.378000
67.051000
69.229000
66.049000
66.474000
66.399000
69.334000
67.478000
67.572000
69.982000
