76.328000
77.593000
67.543000
69.319000
69.871000
65.802000
67.231000
68.933000
69.172000
67.585000
67.117000
67.615000
88.093000
73.309000
69.892000
68.089000
66.692000
64.837000
66.919000
66.429000
65.836000
66.746000
66.519000
67.702000
63.856000
67.658000
65.819000
71.742000
70.380000
67.186000
69.486000
69.411000
68.849000
65.050000
67.749000
71.834000
65.599000
70.669000
67.092000
73.417000
66.785000
67.324000
68.271000
68.677000
70.395000
66.758000
65.592000
67.955000
67.923000
66.384000
63.881000
67.721000
67.451000
68.653000
74.549000
68.815000
66.756000
65.245000
66.914000
68.308000
67.743000
71.242000
66.048000
65.122000
65.496000
65.716000
68.567000
67.857000
67.904000
66.986000
70.197000
72.104000
73.521000
68.156000
68.503000
67.520000
70.749000
67.619000
65.805000
66.886000
70.347000
72.794000
68.085000
78.012000
70.428000
72.028000
70.103000
70.763000
68.345000
67.479000
67.311000
68.612000
71.709000
68.893000
68.491000
68.313000
67.078000
66.752000
68.242000
69.615000
