67.001000
68.754000
69.996000
66.615000
66.345000
70.524000
72.490000
69.406000
73.183000
73.330000
68.694000
67.098000
67.728000
67.159000
66.485000
66.999000
67.021000
66.970000
72.635000
65.486000
67.164000
72.479000
68.465000
70.251000
68.362000
65.604000
66.412000
69.057000
67.351000
67.930000
67.078000
68.480000
68.146000
68.086000
65.479000
66.656000
67.006000
68.726000
68.571000
65.563000
64.588000
67.277000
64.758000
67.860000
67.288000
66.851000
67.037000
68.064000
67.104000
64.725000
65.242000
67.842000
65.792000
67.247000
67.220000
66.979000
68.331000
68.682000
62.073000
64.867000
66.405000
68.352000
67.007000
67.725000
66.592000
67.708000
64.891000
66.521000
67.144000
69.880000
66.971000
64.959000
66.494000
65.006000
67.124000
67.911000
66.943000
69.373000
67.323000
66.594000
64.787000
66.438000
67.560000
67.900000
68.136000
67.262000
70.908000
68.665000
65.994000
68.396000
64.230000
65.746000
66.365000
68.334000
69.230000
67.580000
67.614000
67.261000
67.187000
67.122000
