67.918000
70.661000
71.517000
70.391000
71.467000
68.813000
69.738000
75.503000
68.143000
73.137000
75.185000
68.713000
68.285000
64.572000
66.556000
72.430000
69.801000
68.499000
67.964000
66.812000
67.195000
69.011000
74.446000
68.694000
73.892000
72.080000
69.733000
67.784000
66.607000
67.260000
67.518000
69.356000
70.717000
72.105000
70.250000
70.171000
73.098000
68.249000
69.647000
69.001000
68.003000
70.747000
66.255000
70.413000
73.169000
68.591000
70.444000
66.593000
69.053000
69.788000
67.303000
67.488000
70.357000
75.229000
71.093000
68.635000
67.889000
71.368000
68.393000
68.395000
68.213000
67.705000
67.307000
71.803000
69.232000
66.467000
66.401000
69.132000
77.128000
70.246000
66.501000
67.854000
68.174000
66.051000
65.147000
65.372000
69.642000
69.740000
67.087000
69.893000
66.370000
67.115000
71.773000
75.442000
67.619000
69.899000
70.229000
72.182000
65.799000
69.527000
68.024000
67.722000
69.298000
67.618000
67.680000
65.033000
65.573000
74.286000
67.788000
69.264000
