67.766000
68.839000
71.850000
67.119000
67.568000
69.470000
68.166000
67.857000
70.417000
76.487000
69.995000
67.811000
70.372000
70.588000
65.246000
69.679000
67.243000
64.984000
67.355000
67.187000
67.969000
68.036000
64.562000
67.391000
67.787000
68.074000
67.949000
72.360000
67.989000
67.326000
66.921000
68.777000
67.829000
65.850000
65.005000
65.507000
64.276000
68.348000
67.164000
67.469000
67.780000
66.573000
65.853000
65.217000
65.453000
66.938000
68.010000
67.583000
67.345000
68.429000
68.193000
64.988000
65.079000
67.547000
67.594000
69.672000
67.571000
67.356000
66.886000
66.938000
67.548000
66.755000
65.254000
67.341000
68.271000
66.361000
66.016000
63.982000
65.498000
66.076000
66.528000
67.293000
67.330000
67.234000
67.676000
65.339000
66.308000
64.865000
67.053000
68.600000
67.677000
67.923000
67.485000
67.351000
67.860000
67.879000
67.117000
67.463000
67.067000
66.805000
65.162000
65.620000
64.216000
66.338000
67.277000
64.617000
67.498000
71.309000
67.906000
66.080000
