72.488000
69.901000
69.546000
67.578000
67.204000
69.333000
71.867000
70.010000
72.799000
77.763000
69.642000
68.075000
68.292000
70.246000
75.536000
74.987000
70.374000
67.738000
74.963000
68.349000
69.850000
69.517000
69.671000
68.698000
67.806000
67.501000
66.568000
69.229000
67.505000
70.859000
68.289000
65.540000
68.316000
69.158000
71.690000
67.865000
70.962000
67.778000
65.392000
68.967000
72.900000
68.916000
68.231000
75.041000
73.803000
67.367000
67.091000
67.601000
65.759000
79.358000
67.057000
73.833000
67.922000
65.048000
69.121000
68.939000
73.418000
66.958000
66.090000
69.183000
71.736000
71.680000
68.516000
67.808000
66.836000
69.765000
67.285000
65.269000
64.679000
68.696000
69.055000
68.525000
73.064000
74.147000
67.592000
67.145000
67.407000
70.683000
72.906000
67.147000
66.494000
67.379000
67.196000
67.467000
72.184000
70.330000
64.973000
74.503000
68.887000
68.925000
67.412000
69.363000
68.704000
67.935000
67.681000
68.127000
68.308000
68.571000
67.510000
74.458000
