80.762000
68.249000
67.066000
68.932000
68.502000
66.326000
66.604000
68.171000
72.373000
72.928000
70.842000
69.283000
65.117000
67.991000
69.466000
70.512000
66.445000
65.084000
67.550000
65.429000
65.002000
64.461000
67.356000
67.065000
67.789000
68.113000
71.827000
67.891000
67.489000
67.835000
67.518000
67.970000
68.166000
66.802000
66.407000
65.524000
64.815000
67.043000
64.354000
65.428000
66.982000
66.791000
64.863000
69.351000
67.541000
67.874000
67.152000
67.412000
66.555000
64.467000
65.685000
66.077000
66.183000
69.559000
68.147000
67.241000
67.124000
65.762000
67.008000
65.004000
68.557000
67.593000
70.271000
69.958000
67.743000
67.297000
67.786000
67.568000
67.809000
67.113000
67.373000
66.209000
66.461000
68.056000
66.088000
66.917000
65.601000
68.083000
68.347000
67.186000
69.613000
67.694000
67.343000
66.846000
67.247000
67.364000
69.440000
67.339000
67.210000
68.037000
67.786000
67.832000
68.067000
66.500000
65.636000
67.323000
65.295000
65.443000
64.664000
67.465000
