66.799000
68.653000
69.209000
70.148000
72.454000
65.389000
65.708000
67.109000
71.366000
77.567000
69.906000
70.645000
67.608000
71.212000
69.412000
71.643000
67.522000
65.773000
67.359000
66.278000
66.895000
68.003000
70.097000
67.770000
72.559000
66.844000
65.883000
67.898000
72.012000
68.756000
75.075000
68.823000
70.028000
68.933000
84.967000
65.459000
67.033000
67.970000
69.482000
65.283000
68.124000
68.461000
67.797000
68.946000
68.890000
68.744000
67.447000
69.490000
74.568000
66.004000
71.549000
68.443000
66.443000
68.364000
68.365000
71.190000
68.250000
69.414000
68.610000
70.849000
69.769000
69.877000
70.677000
66.012000
68.111000
67.151000
68.720000
69.070000
71.138000
82.005000
67.453000
67.869000
66.409000
67.077000
67.500000
66.477000
67.486000
69.915000
65.196000
67.944000
68.425000
67.793000
69.245000
70.067000
67.538000
66.461000
69.141000
69.583000
72.605000
69.812000
75.405000
66.512000
69.026000
72.737000
68.878000
67.778000
68.264000
68.739000
65.184000
66.214000
