71.615000
70.951000
69.466000
67.195000
67.245000
66.745000
61.496000
75.209000
67.387000
67.377000
72.662000
67.727000
70.763000
66.565000
67.666000
66.911000
65.626000
65.901000
64.813000
65.885000
68.483000
66.944000
67.986000
67.500000
66.361000
85.855000
79.194000
74.964000
74.589000
73.919000
71.458000
73.423000
77.810000
82.293000
71.241000
76.937000
78.683000
78.385000
68.310000
71.095000
69.707000
74.031000
73.887000
72.594000
74.480000
74.541000
73.063000
75.971000
73.061000
72.661000
71.259000
71.515000
76.029000
70.301000
74.094000
74.199000
74.488000
76.184000
72.086000
70.965000
72.359000
71.835000
71.411000
69.808000
70.915000
75.907000
73.344000
75.323000
70.859000
73.383000
75.419000
80.120000
70.975000
72.714000
76.589000
73.191000
69.793000
70.131000
70.139000
69.625000
70.710000
71.473000
68.656000
70.091000
75.640000
73.814000
68.787000
70.234000
69.205000
74.535000
71.536000
67.767000
69.997000
71.710000
74.718000
71.130000
70.554000
72.166000
72.553000
74.153000
