68.226000
68.186000
67.462000
67.386000
67.160000
65.338000
61.568000
68.627000
70.851000
75.438000
67.795000
68.990000
74.535000
69.820000
67.720000
68.677000
67.033000
65.760000
68.033000
67.547000
71.218000
71.238000
67.974000
68.489000
67.770000
66.206000
67.041000
71.546000
68.739000
69.208000
66.545000
68.078000
67.826000
67.791000
67.211000
67.807000
67.433000
67.786000
66.169000
64.518000
68.721000
65.860000
68.134000
68.661000
68.016000
68.567000
67.877000
68.986000
65.812000
66.102000
64.462000
68.725000
67.466000
67.125000
71.669000
68.197000
67.536000
68.961000
68.205000
67.245000
70.625000
72.618000
67.756000
69.178000
70.228000
70.481000
68.843000
67.468000
67.456000
67.647000
70.429000
68.516000
68.175000
67.786000
67.681000
66.611000
67.558000
67.991000
70.626000
68.384000
69.049000
65.688000
65.520000
64.978000
67.657000
67.619000
66.158000
67.470000
66.447000
65.733000
69.470000
64.996000
68.560000
68.405000
67.572000
67.668000
67.082000
66.708000
65.790000
68.085000
