71.736000
72.854000
70.308000
69.479000
71.168000
70.396000
68.395000
69.500000
67.574000
68.652000
67.494000
67.869000
67.408000
68.220000
67.476000
67.496000
75.349000
67.332000
67.079000
66.092000
66.836000
69.310000
64.990000
64.975000
66.332000
67.388000
67.983000
67.398000
69.308000
68.819000
70.050000
67.461000
67.941000
67.915000
67.777000
67.395000
68.030000
74.895000
64.990000
66.366000
70.349000
66.275000
67.035000
67.769000
65.811000
66.326000
68.226000
67.318000
67.037000
64.032000
67.369000
66.449000
65.437000
70.903000
67.813000
66.715000
67.729000
65.937000
64.823000
64.424000
72.818000
64.171000
65.011000
65.643000
65.470000
70.388000
67.901000
68.406000
66.083000
66.439000
65.401000
67.534000
67.369000
63.465000
66.901000
67.489000
67.142000
64.342000
67.182000
66.165000
68.680000
69.508000
67.603000
67.509000
67.188000
65.851000
64.981000
65.774000
66.163000
64.505000
67.749000
67.734000
69.436000
72.551000
67.557000
67.648000
67.663000
67.660000
67.302000
67.826000
