71.118000
70.526000
67.413000
67.069000
66.418000
66.825000
67.470000
69.492000
72.109000
74.272000
72.833000
67.892000
69.328000
69.476000
67.783000
67.588000
66.688000
65.146000
69.035000
68.103000
66.548000
66.740000
66.981000
67.188000
68.194000
67.436000
68.435000
68.586000
67.532000
66.782000
68.349000
66.306000
65.005000
65.030000
66.110000
68.029000
67.357000
67.153000
68.808000
67.597000
66.819000
66.435000
67.031000
68.934000
68.085000
68.953000
67.094000
66.988000
65.619000
64.752000
64.729000
69.108000
68.894000
67.786000
69.881000
67.004000
69.058000
66.965000
66.481000
69.209000
69.000000
66.899000
66.496000
65.692000
63.242000
64.041000
67.118000
66.658000
66.842000
66.305000
69.121000
67.203000
67.582000
69.075000
67.860000
69.191000
70.630000
63.982000
67.453000
65.409000
64.726000
71.232000
73.234000
67.027000
67.057000
70.147000
68.396000
70.161000
70.085000
68.330000
69.696000
67.523000
67.738000
68.116000
67.630000
68.717000
66.719000
68.203000
69.474000
64.717000
