71.932000
69.595000
68.333000
68.784000
67.669000
66.773000
67.950000
71.257000
72.747000
69.376000
68.176000
68.709000
68.828000
66.302000
65.564000
70.068000
67.536000
67.374000
63.984000
70.327000
66.365000
64.957000
67.632000
68.375000
68.843000
67.466000
66.184000
69.980000
68.027000
69.470000
66.973000
67.486000
68.005000
66.658000
65.979000
67.519000
63.565000
67.378000
67.712000
69.614000
68.675000
67.529000
68.040000
67.386000
68.733000
75.293000
68.576000
66.727000
66.417000
64.387000
68.634000
67.543000
68.226000
68.679000
68.759000
67.826000
74.332000
67.443000
65.071000
65.120000
68.465000
65.176000
67.687000
63.641000
65.324000
67.722000
74.325000
68.503000
65.980000
65.018000
63.055000
65.081000
83.580000
68.693000
67.544000
65.533000
66.039000
65.849000
67.348000
69.403000
66.094000
65.352000
64.804000
65.281000
67.268000
69.128000
70.090000
66.007000
64.751000
65.297000
61.872000
66.289000
66.919000
68.339000
69.042000
67.302000
64.261000
68.060000
66.142000
65.519000
