71.942000
71.112000
74.566000
68.715000
67.786000
69.235000
68.577000
70.366000
70.852000
71.761000
71.101000
69.972000
72.184000
66.964000
77.300000
67.014000
71.431000
67.081000
66.581000
66.141000
69.426000
65.454000
69.108000
68.246000
67.913000
67.082000
72.135000
68.821000
67.385000
65.827000
69.446000
69.867000
68.269000
70.079000
66.948000
71.406000
71.849000
72.463000
67.395000
67.179000
70.738000
69.908000
68.780000
68.476000
67.856000
67.919000
65.930000
69.356000
68.670000
69.875000
67.280000
67.620000
64.812000
65.408000
67.994000
67.429000
68.760000
69.913000
67.953000
68.018000
70.696000
67.120000
67.956000
68.137000
69.931000
69.559000
67.470000
68.502000
66.391000
70.002000
66.924000
68.355000
67.373000
66.035000
66.538000
68.559000
67.260000
65.986000
65.378000
65.004000
76.884000
67.236000
67.203000
68.076000
65.123000
71.985000
69.558000
67.787000
67.733000
67.404000
68.437000
65.279000
65.643000
67.954000
68.990000
69.638000
69.567000
67.655000
66.470000
64.117000
