68.912000
67.553000
67.713000
67.269000
69.166000
68.080000
67.913000
68.731000
71.305000
73.856000
68.546000
67.716000
66.375000
68.051000
67.483000
68.365000
67.973000
67.264000
68.794000
65.566000
68.665000
69.313000
67.381000
67.206000
68.974000
65.318000
65.665000
68.113000
67.699000
68.548000
65.083000
69.604000
69.367000
67.049000
68.676000
70.900000
67.262000
67.147000
64.765000
66.173000
66.211000
67.192000
66.775000
67.647000
67.258000
70.901000
67.718000
67.448000
68.274000
71.030000
73.374000
70.306000
73.891000
68.629000
75.651000
72.095000
73.076000
73.669000
69.528000
68.280000
71.896000
65.331000
67.721000
67.173000
67.334000
68.051000
67.567000
68.121000
73.351000
73.883000
71.225000
75.480000
75.023000
92.029000
71.848000
74.901000
71.200000
68.449000
69.451000
70.335000
67.800000
70.485000
64.738000
63.182000
64.473000
65.265000
66.269000
65.070000
68.024000
63.699000
76.715000
72.629000
70.958000
71.200000
73.143000
74.492000
70.403000
71.199000
72.285000
71.354000
