67.646000
67.320000
67.821000
68.137000
68.113000
68.042000
68.192000
67.961000
69.094000
74.045000
67.523000
68.549000
69.133000
67.575000
67.258000
68.515000
68.192000
68.830000
67.607000
67.354000
68.368000
66.509000
66.576000
70.017000
64.807000
65.081000
67.274000
68.330000
66.623000
67.667000
67.627000
72.415000
68.315000
71.524000
67.532000
66.024000
65.677000
69.797000
66.214000
67.665000
69.533000
67.419000
67.493000
68.775000
67.445000
68.794000
68.813000
68.711000
68.048000
67.545000
67.392000
69.404000
63.804000
62.061000
67.541000
64.920000
69.215000
67.107000
71.729000
70.423000
68.138000
64.707000
67.282000
67.760000
67.275000
68.846000
68.031000
66.400000
64.549000
64.720000
66.316000
67.407000
72.580000
64.553000
70.040000
77.170000
69.530000
73.870000
67.484000
68.488000
70.329000
67.760000
67.985000
72.094000
68.269000
70.003000
68.294000
64.986000
66.268000
81.427000
67.484000
70.117000
67.415000
66.449000
67.722000
67.202000
67.841000
69.117000
69.016000
68.869000
