67.326000
68.032000
67.767000
67.980000
68.008000
68.479000
69.431000
70.269000
71.657000
67.908000
70.083000
67.841000
76.995000
68.435000
67.994000
67.774000
71.432000
65.443000
68.259000
67.904000
67.723000
67.140000
67.777000
69.855000
68.377000
68.988000
68.474000
67.892000
67.298000
67.886000
67.873000
66.866000
66.400000
67.215000
62.200000
65.353000
68.206000
67.992000
67.916000
65.444000
65.162000
67.802000
66.844000
65.974000
66.190000
67.772000
67.797000
68.267000
66.247000
65.375000
65.200000
66.381000
68.581000
71.116000
69.039000
67.132000
66.693000
65.488000
67.713000
67.383000
65.242000
68.548000
68.216000
70.078000
68.551000
73.792000
67.561000
65.340000
66.743000
67.656000
67.374000
65.158000
67.406000
75.840000
68.181000
67.732000
68.420000
67.554000
64.683000
72.683000
92.772000
74.777000
68.700000
68.573000
66.942000
68.044000
66.517000
65.081000
65.721000
66.485000
65.942000
67.528000
67.676000
67.413000
70.625000
69.157000
68.006000
67.860000
68.313000
67.805000
