71.705000
67.840000
69.148000
67.772000
67.815000
68.100000
71.070000
69.187000
72.497000
76.721000
70.563000
73.495000
68.057000
69.735000
67.452000
67.410000
67.514000
66.492000
70.697000
70.183000
68.714000
68.542000
72.499000
69.231000
69.176000
71.077000
69.384000
68.815000
66.307000
73.246000
68.593000
69.497000
66.479000
65.644000
65.577000
70.686000
68.849000
66.704000
67.948000
66.601000
80.701000
69.228000
67.833000
68.870000
78.388000
69.360000
68.200000
68.873000
70.360000
67.722000
68.758000
72.523000
69.769000
69.032000
66.537000
65.436000
68.229000
70.547000
67.619000
63.364000
67.274000
69.908000
70.935000
69.843000
69.390000
68.620000
68.710000
67.775000
69.792000
67.709000
69.318000
64.090000
67.789000
67.876000
68.623000
68.603000
69.172000
67.418000
67.221000
70.728000
70.543000
71.001000
69.123000
67.348000
69.028000
68.115000
65.291000
68.559000
67.229000
69.917000
73.383000
67.975000
66.936000
69.249000
78.190000
66.042000
69.249000
67.285000
67.913000
70.858000
