77.971000
67.614000
67.823000
64.726000
67.021000
70.062000
69.326000
71.123000
75.205000
80.845000
82.365000
83.953000
77.250000
71.693000
76.404000
71.010000
67.724000
70.705000
66.833000
69.140000
70.848000
68.579000
66.540000
69.946000
74.649000
68.292000
67.413000
68.917000
65.937000
66.783000
64.455000
65.307000
64.167000
68.526000
70.959000
69.176000
67.033000
65.866000
64.786000
73.802000
80.875000
67.743000
67.960000
69.436000
64.339000
65.495000
65.273000
67.292000
67.819000
64.997000
66.277000
66.400000
69.746000
70.437000
67.158000
66.341000
68.351000
65.639000
65.958000
64.166000
66.830000
69.350000
64.852000
63.502000
66.760000
65.743000
67.711000
65.943000
64.781000
70.079000
68.037000
68.482000
67.045000
68.103000
68.194000
70.114000
66.474000
66.306000
68.978000
64.415000
73.560000
68.662000
68.684000
68.210000
68.593000
66.059000
69.486000
69.234000
69.329000
66.431000
66.524000
66.550000
65.311000
66.875000
68.649000
68.498000
68.691000
66.820000
65.155000
65.552000
