67.210000
68.369000
76.479000
71.769000
69.436000
66.927000
67.955000
70.193000
67.811000
67.858000
68.554000
72.093000
69.663000
67.299000
66.392000
66.941000
67.170000
65.242000
71.232000
67.188000
69.448000
67.508000
67.552000
67.358000
66.974000
64.611000
67.514000
69.459000
66.051000
67.636000
67.386000
67.757000
66.925000
67.605000
66.876000
64.182000
66.133000
66.130000
70.816000
66.109000
67.432000
67.827000
67.234000
67.856000
67.540000
67.376000
67.532000
67.298000
67.489000
68.988000
67.269000
68.443000
67.589000
68.087000
67.280000
64.324000
67.437000
68.136000
67.408000
67.300000
65.522000
62.897000
66.864000
67.213000
67.777000
70.924000
65.311000
67.567000
68.188000
67.519000
66.547000
65.841000
67.568000
67.704000
67.107000
67.764000
66.672000
67.271000
67.796000
65.303000
67.938000
67.328000
67.491000
71.914000
67.578000
67.202000
67.911000
66.627000
65.208000
65.339000
66.769000
63.592000
65.268000
65.644000
69.637000
64.109000
64.299000
67.222000
72.673000
65.130000
