74.730000
69.496000
72.430000
68.997000
69.229000
67.150000
65.929000
68.206000
75.903000
74.315000
68.940000
67.597000
67.166000
67.658000
67.131000
67.998000
68.367000
67.101000
65.684000
67.699000
65.966000
67.571000
65.199000
78.268000
68.761000
67.560000
70.187000
67.974000
65.751000
73.288000
68.243000
67.111000
69.417000
68.097000
85.643000
72.387000
67.180000
68.584000
68.024000
65.106000
65.229000
75.433000
69.393000
76.246000
70.539000
79.244000
69.410000
68.756000
68.706000
73.563000
71.723000
74.221000
71.305000
67.788000
67.096000
69.322000
67.530000
68.690000
68.165000
67.499000
69.456000
70.220000
70.064000
70.162000
66.833000
71.126000
67.769000
68.194000
68.266000
70.023000
69.244000
67.630000
70.036000
67.698000
68.299000
68.444000
66.449000
66.777000
68.941000
69.653000
69.322000
64.642000
70.806000
72.647000
72.403000
67.060000
72.568000
68.838000
73.664000
69.254000
68.506000
68.623000
68.177000
68.804000
65.143000
77.103000
68.442000
71.540000
67.915000
67.465000
