1.332000
1.339000
1.510000
1.297000
1.463000
1.297000
1.297000
1.425000
1.560000
1.296000
1.398000
1.365000
1.531000
1.429000
1.317000
1.314000
1.329000
1.308000
1.306000
1.401000
1.355000
1.506000
1.457000
1.375000
1.475000
1.305000
1.397000
1.342000
1.394000
1.522000
1.308000
1.507000
1.552000
1.555000
1.301000
1.518000
1.371000
1.585000
1.372000
1.328000
1.293000
1.310000
1.380000
1.584000
1.372000
1.615000
1.297000
1.516000
1.407000
1.516000
1.350000
1.485000
1.480000
1.470000
1.505000
1.373000
1.367000
1.406000
1.429000
1.305000
1.374000
1.383000
1.332000
1.642000
1.376000
1.674000
1.331000
1.321000
1.551000
1.333000
1.365000
1.318000
1.459000
1.318000
1.547000
1.439000
1.607000
1.398000
1.334000
1.380000
1.309000
1.361000
1.469000
1.652000
1.332000
1.578000
1.605000
1.795000
1.538000
1.449000
1.383000
1.503000
1.363000
1.487000
1.409000
1.359000
1.487000
1.352000
1.309000
1.366000
