1.331000
1.337000
1.463000
1.377000
1.338000
1.308000
1.362000
1.312000
1.323000
1.575000
1.321000
1.601000
1.350000
1.304000
1.304000
1.555000
1.306000
1.370000
1.461000
1.450000
1.308000
1.341000
1.310000
1.442000
1.591000
1.522000
1.313000
1.374000
1.407000
1.326000
1.312000
1.572000
1.565000
1.316000
1.347000
1.345000
1.550000
1.532000
1.315000
1.571000
1.302000
1.581000
1.342000
1.460000
1.330000
1.371000
1.379000
1.428000
1.377000
1.473000
1.453000
1.488000
1.466000
1.396000
1.527000
1.601000
1.384000
1.589000
1.614000
1.353000
1.397000
1.352000
1.684000
1.310000
1.297000
1.311000
1.338000
1.344000
1.361000
1.571000
1.575000
1.584000
1.620000
1.504000
1.400000
1.421000
1.794000
1.318000
1.334000
1.345000
1.396000
1.576000
1.386000
1.341000
1.429000
2.078000
2.249000
2.128000
1.770000
1.350000
1.847000
2.332000
1.667000
1.536000
2.896000
1.757000
1.367000
1.592000
1.398000
1.418000
