1.343000
1.355000
1.385000
1.337000
1.390000
1.324000
1.448000
1.479000
1.312000
1.311000
1.410000
1.320000
1.352000
1.307000
1.343000
1.417000
1.321000
1.452000
1.287000
1.451000
1.578000
1.298000
1.526000
1.347000
1.300000
1.548000
1.584000
1.549000
1.326000
1.529000
1.302000
1.360000
1.366000
1.589000
1.390000
1.414000
1.309000
1.305000
1.321000
1.452000
1.615000
1.377000
1.581000
1.608000
1.321000
1.589000
1.555000
1.438000
1.465000
1.431000
1.663000
1.353000
1.470000
1.297000
1.458000
1.367000
1.363000
1.316000
1.289000
1.418000
1.342000
1.301000
1.293000
1.290000
1.310000
1.469000
1.616000
1.367000
1.609000
1.510000
1.539000
1.465000
1.656000
1.620000
1.601000
1.524000
1.734000
1.456000
1.506000
1.308000
1.438000
1.303000
1.341000
1.606000
1.379000
1.486000
1.335000
1.350000
1.340000
1.317000
1.325000
1.963000
1.592000
1.428000
1.622000
1.393000
1.628000
1.570000
1.541000
1.473000
