1.431000
1.596000
1.531000
1.446000
1.457000
1.473000
1.581000
1.517000
1.428000
1.670000
1.482000
1.364000
1.647000
1.556000
1.438000
1.598000
1.311000
1.315000
1.532000
1.302000
1.304000
1.366000
1.324000
1.590000
1.397000
1.423000
1.469000
1.356000
1.481000
1.440000
1.571000
1.311000
1.540000
1.295000
1.343000
1.316000
1.346000
1.469000
1.307000
1.569000
1.486000
1.546000
1.402000
1.352000
1.364000
1.546000
1.414000
1.371000
1.401000
1.548000
1.425000
1.368000
1.639000
1.329000
1.346000
1.303000
1.384000
2.120000
1.447000
1.521000
1.694000
1.632000
1.601000
1.890000
1.344000
1.471000
1.608000
1.362000
1.425000
1.493000
1.366000
1.319000
1.483000
1.339000
1.351000
1.332000
1.415000
1.398000
1.323000
1.293000
1.594000
1.332000
1.544000
1.563000
1.402000
1.569000
1.304000
1.532000
1.370000
1.303000
1.396000
1.526000
1.570000
1.308000
1.447000
1.348000
1.381000
1.379000
1.331000
1.563000
