1.490000
1.339000
1.323000
1.317000
1.346000
1.387000
1.355000
1.530000
1.315000
1.345000
1.398000
1.324000
1.411000
1.325000
1.316000
1.366000
1.405000
1.324000
1.479000
1.512000
1.341000
1.304000
1.309000
1.330000
1.350000
1.339000
1.375000
1.310000
1.351000
1.487000
1.382000
1.322000
1.493000
1.515000
1.297000
1.355000
1.321000
1.347000
1.319000
1.488000
1.481000
1.477000
1.346000
1.486000
1.589000
1.341000
1.366000
1.632000
1.414000
1.323000
1.403000
1.476000
1.324000
1.520000
1.311000
1.329000
1.383000
1.381000
1.504000
1.367000
1.361000
1.334000
1.369000
1.390000
1.322000
1.300000
1.528000
1.495000
1.447000
1.308000
1.570000
1.503000
1.593000
1.484000
1.430000
1.306000
1.520000
1.405000
1.687000
1.420000
1.443000
1.470000
1.352000
1.556000
1.325000
1.491000
1.519000
1.399000
1.464000
1.588000
1.847000
1.367000
1.441000
1.314000
1.306000
1.329000
1.368000
1.435000
1.337000
1.421000
