1.479000
1.306000
1.317000
1.444000
1.351000
1.311000
1.413000
1.507000
1.475000
1.478000
1.331000
1.532000
1.432000
1.648000
1.682000
1.652000
1.385000
1.483000
1.400000
1.383000
1.335000
1.432000
1.496000
1.386000
1.356000
1.972000
1.523000
1.383000
1.346000
1.403000
1.265000
1.438000
1.436000
1.245000
1.411000
1.335000
1.316000
1.321000
1.351000
1.335000
1.452000
1.413000
1.435000
1.731000
1.433000
1.410000
1.525000
1.346000
1.343000
1.308000
1.309000
1.330000
1.348000
1.481000
1.321000
1.390000
1.316000
1.486000
1.336000
1.443000
1.321000
1.495000
1.416000
1.379000
1.449000
1.495000
1.332000
1.349000
1.318000
1.479000
1.492000
1.350000
1.522000
1.474000
1.409000
1.312000
1.549000
1.388000
1.368000
1.342000
1.354000
1.341000
1.472000
1.404000
1.352000
1.573000
1.416000
1.419000
1.449000
1.481000
1.351000
1.413000
1.366000
1.375000
1.489000
1.385000
1.520000
1.403000
1.340000
1.304000
