1.422000
1.328000
1.425000
1.663000
1.357000
1.421000
1.436000
1.393000
1.443000
1.720000
1.411000
1.344000
1.739000
1.955000
1.648000
1.359000
1.447000
1.357000
1.362000
1.516000
1.340000
1.458000
1.346000
1.524000
1.388000
1.636000
1.367000
1.525000
1.386000
1.399000
1.449000
1.337000
1.458000
1.369000
1.535000
1.396000
1.464000
1.374000
1.479000
1.362000
1.371000
1.393000
1.295000
1.344000
1.313000
1.411000
1.306000
1.467000
1.309000
1.352000
1.385000
1.349000
1.329000
1.324000
1.368000
1.309000
1.488000
1.325000
1.349000
1.348000
1.491000
1.418000
1.381000
1.454000
1.468000
1.380000
1.413000
1.307000
1.349000
1.438000
1.613000
1.311000
1.388000
1.407000
1.365000
1.366000
1.300000
1.359000
1.301000
1.307000
1.395000
1.302000
1.388000
1.352000
1.313000
1.500000
1.525000
1.418000
1.514000
1.427000
1.358000
1.445000
1.369000
1.349000
1.559000
1.342000
1.316000
1.458000
1.335000
1.616000
