1.335000
1.324000
1.524000
1.452000
1.506000
1.347000
1.375000
1.352000
1.400000
1.418000
1.395000
1.329000
1.304000
1.332000
1.443000
1.317000
1.338000
1.507000
1.310000
1.389000
1.509000
1.457000
1.527000
1.348000
1.348000
1.349000
1.528000
1.462000
1.352000
1.381000
1.334000
1.424000
1.523000
1.381000
1.327000
1.329000
1.505000
1.370000
1.362000
1.317000
1.327000
1.349000
1.342000
1.377000
1.368000
1.405000
1.372000
1.495000
1.317000
1.541000
1.554000
1.375000
1.370000
1.322000
1.498000
1.347000
1.388000
1.731000
1.816000
1.603000
1.345000
1.377000
1.459000
1.385000
1.375000
1.332000
1.376000
1.356000
1.750000
1.476000
1.642000
1.488000
1.433000
1.451000
1.359000
1.363000
1.390000
1.317000
1.326000
1.411000
1.365000
1.317000
1.330000
1.441000
1.348000
1.333000
1.320000
1.426000
1.356000
1.386000
1.330000
1.404000
1.476000
1.339000
1.424000
1.366000
1.377000
1.489000
1.321000
1.495000
