1.311000
1.309000
1.343000
1.479000
1.303000
1.429000
1.414000
1.346000
1.301000
1.296000
1.517000
1.347000
1.340000
1.654000
1.391000
1.360000
1.339000
1.531000
1.333000
1.426000
1.400000
1.771000
1.871000
1.293000
1.427000
1.819000
1.576000
1.587000
1.384000
1.478000
1.570000
1.712000
1.345000
1.516000
1.395000
1.530000
1.632000
1.541000
1.405000
1.430000
1.346000
1.581000
1.557000
1.453000
1.286000
1.353000
1.598000
1.579000
1.423000
1.305000
1.418000
1.356000
1.513000
1.545000
1.320000
1.500000
1.322000
1.456000
1.420000
1.393000
1.346000
1.309000
1.606000
1.571000
1.439000
1.493000
1.541000
1.311000
1.347000
1.316000
1.564000
1.561000
1.336000
1.451000
1.337000
1.441000
1.314000
1.465000
1.484000
1.294000
1.300000
1.524000
1.337000
1.332000
1.394000
1.401000
1.503000
1.343000
1.618000
1.795000
1.539000
1.333000
1.474000
1.553000
1.329000
1.359000
1.555000
1.462000
1.814000
1.651000
