1.696000
1.368000
1.471000
1.453000
1.384000
1.899000
1.311000
1.639000
1.362000
1.675000
1.495000
1.755000
1.308000
1.466000
1.362000
1.521000
1.382000
1.418000
1.588000
1.549000
1.393000
1.380000
1.443000
1.302000
1.738000
1.536000
1.342000
1.306000
1.538000
1.772000
1.557000
1.394000
1.415000
1.321000
1.412000
1.702000
1.372000
1.413000
1.535000
1.437000
1.617000
1.936000
1.338000
1.477000
1.515000
1.628000
1.885000
1.341000
1.365000
1.318000
1.411000
1.307000
1.986000
1.414000
1.845000
1.608000
1.535000
1.593000
1.524000
1.294000
1.509000
1.389000
1.571000
1.345000
1.452000
1.609000
1.551000
1.426000
1.518000
1.405000
1.326000
1.333000
1.351000
1.699000
1.386000
1.583000
1.368000
1.461000
1.643000
1.368000
1.370000
1.566000
1.396000
1.426000
1.937000
1.494000
1.399000
1.384000
1.388000
1.310000
1.431000
1.547000
1.308000
1.546000
1.648000
1.291000
1.425000
1.298000
1.376000
1.587000
