1.552000
1.300000
1.484000
1.371000
1.457000
1.311000
1.394000
1.563000
1.289000
1.481000
1.414000
1.351000
1.376000
1.559000
1.323000
1.328000
1.340000
1.330000
1.596000
1.463000
1.307000
1.299000
1.305000
1.305000
1.301000
1.553000
1.496000
1.294000
1.348000
1.293000
1.551000
1.351000
1.315000
1.532000
1.560000
1.307000
1.367000
1.307000
1.466000
1.310000
1.471000
1.542000
1.459000
1.453000
1.436000
1.310000
1.405000
1.451000
1.320000
1.439000
1.511000
1.424000
1.565000
1.315000
1.327000
1.319000
1.311000
1.306000
1.435000
1.328000
1.542000
1.302000
1.467000
1.461000
1.469000
1.467000
1.548000
1.619000
1.348000
1.351000
1.316000
1.379000
1.381000
1.560000
1.372000
1.543000
1.415000
1.458000
1.295000
1.365000
1.376000
1.486000
1.463000
1.406000
1.347000
1.423000
1.968000
1.537000
1.521000
1.498000
1.334000
1.470000
1.416000
1.302000
1.402000
1.307000
1.572000
1.584000
1.295000
1.440000
