1.356000
1.366000
1.334000
1.318000
1.517000
1.424000
1.394000
1.366000
1.309000
1.497000
1.402000
1.454000
1.445000
1.401000
1.310000
1.552000
1.540000
1.320000
1.420000
1.350000
1.371000
1.376000
1.335000
1.318000
1.362000
1.480000
1.377000
1.320000
1.397000
1.457000
1.435000
1.356000
1.336000
1.395000
1.388000
1.352000
1.327000
1.370000
1.332000
1.344000
1.372000
1.358000
1.437000
1.326000
1.559000
1.357000
1.484000
1.388000
1.313000
1.398000
1.372000
1.441000
1.386000
1.345000
1.374000
1.357000
1.347000
1.307000
1.403000
1.318000
1.321000
1.426000
1.401000
1.481000
1.632000
1.313000
1.391000
1.388000
1.380000
1.347000
2.089000
1.358000
1.422000
1.308000
1.341000
1.380000
1.422000
1.422000
1.376000
1.477000
1.493000
2.238000
1.700000
1.656000
1.374000
1.561000
1.437000
1.561000
1.372000
1.465000
1.344000
1.368000
1.773000
1.689000
1.409000
1.600000
1.414000
1.415000
1.566000
1.449000
