1.328000
1.380000
1.342000
1.324000
1.404000
1.365000
1.335000
1.375000
1.355000
1.518000
1.324000
1.502000
1.302000
1.334000
1.419000
1.552000
1.396000
1.336000
1.319000
1.399000
1.372000
1.621000
1.328000
1.469000
1.308000
1.301000
1.317000
1.390000
1.467000
1.344000
1.653000
1.514000
1.424000
1.325000
1.287000
1.309000
1.362000
1.384000
1.505000
1.578000
1.360000
1.445000
1.343000
1.376000
1.400000
1.418000
1.509000
1.449000
1.390000
1.366000
1.405000
1.341000
1.516000
1.317000
1.449000
1.317000
1.484000
1.369000
1.399000
1.515000
1.355000
1.425000
1.332000
1.501000
1.483000
1.383000
1.359000
1.379000
1.751000
1.311000
1.573000
1.326000
1.530000
1.336000
1.777000
1.500000
1.322000
1.377000
1.419000
1.335000
1.539000
1.311000
1.344000
1.500000
1.355000
1.314000
1.515000
1.309000
1.369000
1.330000
1.460000
1.361000
1.376000
1.343000
1.338000
1.322000
1.348000
1.334000
1.331000
1.401000
