1.329000
1.337000
1.301000
1.328000
1.386000
1.380000
1.301000
1.305000
1.318000
1.297000
1.328000
1.321000
1.344000
1.352000
1.400000
1.326000
1.344000
1.308000
1.307000
1.407000
1.342000
1.350000
1.312000
1.343000
1.293000
1.541000
1.302000
1.300000
1.348000
1.295000
1.465000
1.297000
1.304000
1.343000
1.524000
1.441000
1.294000
1.376000
1.314000
1.304000
1.353000
1.384000
1.342000
1.305000
1.297000
1.473000
1.367000
1.343000
1.490000
1.520000
1.327000
1.485000
1.606000
1.695000
1.526000
1.309000
1.368000
1.342000
1.300000
1.555000
1.496000
1.338000
1.372000
1.298000
1.393000
1.484000
1.459000
1.401000
1.313000
1.548000
1.304000
1.530000
1.312000
1.406000
1.315000
1.320000
1.728000
1.467000
1.362000
1.489000
1.321000
1.412000
1.360000
1.528000
1.595000
1.312000
1.487000
1.370000
1.548000
1.355000
1.540000
1.486000
1.437000
1.399000
2.308000
1.367000
1.493000
1.329000
1.301000
1.552000
