1.318000
1.320000
1.329000
1.386000
1.618000
1.297000
1.293000
1.361000
1.471000
1.298000
1.312000
1.622000
1.348000
1.484000
1.289000
1.391000
1.371000
1.340000
1.416000
1.396000
1.344000
2.720000
1.301000
1.326000
1.296000
1.333000
1.322000
1.318000
1.350000
1.338000
1.344000
1.375000
1.474000
1.303000
1.488000
1.371000
1.607000
1.345000
1.314000
1.530000
1.597000
1.368000
1.350000
1.541000
1.378000
1.367000
1.312000
1.407000
1.365000
1.423000
1.318000
1.317000
1.334000
1.342000
1.313000
1.380000
1.386000
1.354000
1.318000
1.470000
1.365000
1.326000
1.465000
1.357000
1.393000
1.357000
1.309000
1.315000
1.319000
1.319000
1.430000
1.368000
1.394000
1.513000
1.498000
1.336000
1.361000
1.331000
1.451000
1.320000
1.313000
1.491000
1.420000
1.419000
1.471000
1.290000
1.397000
1.305000
2.188000
1.444000
1.343000
1.472000
1.658000
1.555000
1.352000
1.351000
1.363000
1.482000
1.514000
1.393000
