1.530000
1.387000
1.456000
1.546000
1.459000
1.475000
1.569000
1.302000
1.342000
1.595000
1.392000
1.324000
1.449000
1.307000
1.466000
1.316000
1.305000
1.461000
1.307000
1.300000
1.323000
1.532000
1.306000
1.309000
1.562000
1.362000
1.361000
1.315000
1.348000
1.339000
1.625000
1.345000
1.366000
1.545000
1.292000
1.409000
1.316000
1.561000
1.540000
1.336000
1.322000
1.576000
1.341000
1.529000
1.329000
1.408000
1.446000
1.318000
1.597000
1.435000
1.651000
1.438000
1.518000
1.339000
1.468000
1.532000
1.335000
1.478000
1.357000
1.308000
1.324000
1.345000
1.526000
1.314000
1.320000
1.350000
1.309000
1.385000
1.381000
1.429000
1.296000
1.435000
1.537000
1.602000
1.451000
1.377000
1.635000
1.322000
1.372000
1.476000
1.329000
1.422000
1.310000
1.641000
1.437000
1.381000
1.568000
1.482000
1.499000
1.736000
1.367000
1.572000
1.337000
1.597000
1.576000
1.340000
1.302000
1.449000
1.296000
1.375000
