1.447000
1.333000
1.328000
1.507000
1.363000
1.506000
1.343000
1.327000
1.371000
1.731000
1.334000
1.443000
1.318000
1.557000
1.404000
1.525000
1.626000
1.450000
1.382000
1.453000
1.386000
1.490000
1.426000
1.524000
1.404000
1.447000
1.305000
1.477000
1.507000
1.363000
1.364000
1.501000
1.402000
1.329000
1.384000
1.382000
1.471000
1.304000
1.532000
1.331000
1.313000
1.389000
1.458000
1.351000
1.361000
1.329000
1.553000
1.344000
1.496000
1.394000
1.465000
1.434000
1.410000
1.460000
1.367000
1.509000
1.324000
1.462000
1.717000
1.341000
1.504000
1.354000
1.345000
1.378000
1.428000
1.513000
1.383000
1.321000
1.543000
1.380000
1.369000
1.360000
1.320000
1.349000
1.930000
1.469000
1.366000
1.399000
1.416000
1.696000
1.333000
1.395000
1.331000
1.362000
1.390000
1.566000
1.503000
1.471000
1.469000
1.506000
1.386000
1.390000
1.333000
1.340000
1.335000
1.458000
1.384000
1.513000
1.347000
1.402000
