1.330000
1.355000
1.319000
1.309000
1.333000
1.425000
1.323000
1.361000
1.381000
1.312000
1.312000
1.366000
1.351000
1.536000
1.349000
1.330000
1.349000
1.315000
1.324000
1.438000
1.289000
1.327000
1.369000
1.313000
1.380000
1.290000
1.334000
1.362000
1.315000
1.304000
1.496000
1.467000
1.347000
1.508000
1.315000
1.327000
1.346000
1.309000
1.327000
1.490000
1.324000
1.484000
1.304000
1.412000
1.317000
1.384000
1.350000
1.316000
1.299000
1.313000
1.323000
1.377000
1.333000
1.352000
1.330000
1.350000
1.323000
1.349000
1.418000
1.350000
1.444000
1.306000
1.401000
1.319000
1.337000
1.329000
1.371000
1.343000
1.329000
1.403000
1.389000
1.394000
1.412000
1.503000
1.398000
1.320000
1.328000
1.399000
1.368000
1.343000
1.319000
1.500000
1.495000
1.326000
1.783000
1.797000
1.533000
1.477000
1.479000
1.985000
1.366000
1.364000
1.322000
1.333000
1.532000
1.376000
1.351000
1.358000
1.337000
1.311000
