1.292000
1.559000
1.415000
1.658000
1.422000
1.666000
1.316000
1.717000
1.475000
1.319000
1.538000
1.417000
1.322000
1.474000
1.323000
1.420000
1.393000
1.366000
1.868000
1.446000
1.339000
1.573000
1.321000
1.403000
1.560000
1.429000
1.674000
1.506000
1.396000
1.313000
1.598000
1.355000
1.597000
1.295000
1.417000
1.321000
1.593000
1.339000
1.303000
1.396000
1.326000
1.336000
1.538000
1.299000
1.294000
1.474000
1.468000
1.310000
1.389000
1.563000
1.364000
1.601000
1.298000
1.391000
1.303000
1.302000
1.340000
1.496000
1.299000
1.554000
1.377000
1.470000
1.551000
1.331000
1.726000
1.459000
1.358000
1.511000
1.289000
1.347000
1.323000
1.535000
1.358000
1.517000
1.307000
1.394000
1.556000
1.298000
1.390000
1.294000
1.340000
1.294000
2.148000
1.334000
1.342000
1.336000
1.617000
1.315000
1.635000
1.365000
1.495000
1.351000
1.457000
1.412000
1.367000
1.335000
1.367000
1.400000
1.347000
1.472000
