1.357000
1.311000
1.325000
1.457000
1.325000
1.374000
1.509000
1.512000
1.520000
1.346000
1.513000
1.379000
1.553000
1.312000
1.328000
1.500000
1.356000
1.426000
1.359000
1.326000
1.348000
1.335000
1.341000
1.317000
1.344000
1.331000
1.331000
1.327000
1.466000
1.432000
1.515000
1.395000
1.434000
1.344000
1.362000
1.364000
1.329000
1.354000
1.432000
1.420000
1.557000
1.505000
1.327000
1.537000
1.337000
1.485000
1.312000
1.570000
1.501000
1.316000
1.379000
1.376000
1.426000
1.465000
1.394000
1.364000
1.577000
1.390000
1.592000
1.328000
1.424000
1.531000
1.335000
1.382000
1.319000
1.306000
1.327000
1.409000
1.493000
1.466000
1.303000
1.369000
1.326000
1.452000
1.356000
1.385000
1.443000
1.399000
1.344000
1.415000
1.337000
2.185000
1.348000
1.540000
1.466000
1.495000
1.349000
2.166000
1.494000
1.501000
1.484000
1.675000
1.624000
1.581000
1.454000
1.324000
1.349000
1.742000
1.360000
1.318000
