1.321000
1.466000
1.405000
2.093000
1.315000
1.324000
1.354000
1.314000
1.489000
1.535000
1.378000
1.293000
1.465000
1.465000
1.313000
1.381000
1.408000
1.420000
2.114000
2.124000
1.324000
1.362000
1.398000
1.314000
1.451000
1.573000
1.487000
1.407000
1.394000
1.536000
1.377000
1.539000
1.347000
1.589000
1.519000
1.328000
1.377000
1.309000
1.529000
1.469000
1.296000
1.382000
1.454000
1.453000
1.305000
1.316000
1.474000
1.433000
1.478000
1.391000
1.532000
1.459000
1.376000
1.371000
1.512000
1.335000
1.590000
1.342000
1.417000
1.318000
1.524000
1.317000
1.331000
1.310000
1.312000
1.304000
1.325000
1.587000
1.307000
1.321000
1.431000
1.310000
1.330000
1.600000
1.344000
1.636000
1.353000
1.373000
1.597000
1.318000
1.315000
1.615000
1.445000
1.382000
1.824000
1.318000
1.534000
1.390000
1.493000
1.310000
1.368000
1.324000
1.355000
1.317000
1.810000
1.322000
1.442000
1.356000
1.383000
1.531000
