1.464000
1.404000
2.115000
1.373000
1.336000
1.555000
1.371000
1.369000
1.301000
1.476000
1.334000
1.595000
1.486000
1.431000
1.521000
1.479000
1.295000
1.367000
1.462000
1.378000
1.589000
1.297000
1.396000
1.353000
1.367000
1.296000
1.505000
1.424000
1.299000
1.561000
1.408000
1.549000
1.297000
1.334000
1.356000
1.306000
1.423000
1.396000
1.578000
1.512000
1.313000
1.510000
1.304000
1.314000
1.295000
1.655000
1.413000
1.683000
1.525000
1.281000
1.348000
1.390000
1.567000
1.585000
1.355000
1.335000
1.664000
1.643000
1.295000
1.528000
1.304000
1.452000
1.415000
1.473000
1.305000
1.311000
1.295000
1.314000
1.424000
1.362000
1.665000
1.472000
1.520000
1.346000
2.145000
1.542000
1.578000
1.437000
1.298000
1.382000
1.569000
1.385000
1.625000
1.432000
1.599000
1.535000
1.684000
1.539000
1.538000
1.391000
1.572000
1.582000
1.326000
1.580000
1.298000
1.301000
1.518000
1.918000
1.407000
1.292000
