1.586000
1.473000
1.442000
1.490000
1.346000
1.659000
1.326000
1.853000
1.573000
1.509000
1.825000
1.542000
1.462000
1.393000
1.427000
1.640000
1.422000
1.404000
2.003000
1.534000
1.640000
1.355000
1.360000
1.947000
1.717000
1.748000
1.883000
1.495000
1.843000
1.439000
1.483000
1.839000
1.392000
1.539000
1.491000
1.559000
1.442000
1.392000
1.504000
1.295000
1.457000
1.319000
1.376000
1.597000
1.455000
1.723000
1.456000
1.402000
1.382000
1.488000
1.701000
1.646000
2.041000
1.630000
1.564000
1.542000
2.374000
1.765000
1.538000
1.654000
1.640000
1.392000
1.441000
1.493000
1.336000
1.403000
1.336000
1.368000
1.412000
1.487000
1.446000
1.557000
1.368000
1.475000
1.756000
1.458000
1.458000
1.522000
1.545000
1.359000
1.607000
1.563000
1.736000
1.552000
1.337000
1.540000
1.300000
1.714000
1.497000
1.536000
1.404000
1.473000
1.328000
1.465000
1.326000
1.331000
1.331000
1.300000
1.389000
1.468000
