1.347000
2.197000
1.327000
1.329000
1.320000
1.340000
1.328000
2.256000
1.405000
1.327000
1.336000
1.400000
1.301000
1.312000
1.338000
1.359000
1.329000
1.303000
1.320000
1.357000
1.483000
1.301000
1.302000
1.490000
1.482000
1.324000
1.353000
1.307000
1.434000
1.356000
1.349000
1.316000
1.326000
1.305000
1.462000
1.314000
1.348000
1.371000
1.377000
1.482000
2.468000
1.362000
1.492000
1.480000
1.314000
1.397000
1.491000
1.332000
1.359000
1.362000
1.350000
1.313000
1.422000
1.304000
1.458000
1.344000
1.521000
1.366000
1.432000
1.314000
1.612000
1.326000
1.386000
1.343000
1.336000
1.348000
1.344000
1.470000
1.507000
1.352000
1.514000
1.425000
1.309000
1.358000
1.405000
1.449000
1.313000
1.379000
1.363000
1.451000
1.329000
1.398000
1.308000
1.657000
1.479000
1.520000
1.547000
1.459000
2.165000
1.445000
1.634000
1.365000
1.363000
1.416000
1.399000
1.453000
1.309000
1.295000
1.283000
1.334000
