4.497000
3.882000
3.873000
4.278000
4.034000
4.204000
4.299000
4.026000
4.102000
3.939000
3.743000
4.233000
4.213000
3.722000
4.094000
3.765000
3.757000
3.696000
3.768000
3.792000
3.801000
3.703000
3.771000
3.932000
3.725000
3.757000
3.769000
3.817000
3.953000
3.835000
3.735000
3.891000
3.739000
3.761000
3.725000
3.727000
3.797000
4.207000
3.716000
3.733000
3.732000
3.802000
3.777000
3.814000
3.935000
3.728000
3.820000
3.800000
3.713000
3.719000
4.356000
3.966000
4.037000
3.857000
3.700000
4.043000
3.859000
3.771000
3.836000
4.115000
3.725000
3.887000
3.773000
3.869000
3.762000
3.871000
4.018000
4.074000
3.741000
3.833000
4.019000
3.748000
3.997000
3.935000
3.780000
3.951000
4.174000
3.724000
3.933000
4.021000
4.146000
4.052000
4.322000
3.777000
3.837000
3.771000
3.885000
3.827000
3.853000
4.012000
4.036000
3.805000
3.957000
3.873000
3.801000
3.969000
3.968000
3.857000
3.781000
3.789000
