3.734000
3.802000
3.836000
3.955000
5.334000
3.960000
3.781000
3.757000
3.774000
5.342000
5.161000
3.889000
4.202000
3.740000
3.775000
4.154000
3.906000
3.715000
3.955000
4.590000
3.743000
3.778000
3.782000
3.717000
3.743000
3.693000
3.730000
4.518000
3.708000
4.155000
3.759000
3.780000
3.801000
3.741000
3.708000
3.790000
3.719000
3.757000
3.785000
4.065000
3.781000
3.711000
3.819000
4.688000
3.695000
3.775000
3.765000
4.292000
4.546000
3.967000
3.694000
3.766000
4.636000
4.304000
4.229000
3.737000
3.725000
3.805000
4.816000
4.209000
4.219000
4.247000
3.771000
3.700000
4.285000
3.757000
3.743000
3.717000
3.777000
3.742000
3.993000
3.790000
4.088000
3.753000
3.720000
3.974000
3.757000
3.727000
4.456000
3.817000
4.320000
3.782000
4.299000
3.913000
4.695000
4.157000
4.204000
3.759000
3.722000
3.796000
3.747000
3.706000
3.901000
3.812000
3.760000
3.713000
3.735000
3.926000
3.877000
3.738000
