3.888000
4.000000
3.990000
3.943000
3.766000
3.945000
4.072000
4.633000
3.898000
4.090000
4.372000
4.424000
3.898000
5.244000
5.439000
6.170000
4.375000
4.274000
3.772000
3.793000
3.743000
3.792000
3.771000
3.825000
3.803000
4.093000
3.826000
4.262000
3.812000
3.771000
3.720000
3.851000
3.738000
3.763000
3.733000
3.774000
3.862000
3.855000
3.792000
3.764000
3.688000
3.774000
3.767000
3.871000
3.756000
3.786000
4.186000
3.997000
4.058000
4.078000
4.706000
3.875000
3.871000
3.899000
6.062000
3.849000
3.939000
3.814000
4.053000
4.085000
4.039000
3.780000
3.828000
3.788000
5.380000
3.768000
3.804000
3.769000
3.833000
3.767000
3.774000
3.837000
3.805000
3.841000
3.903000
3.729000
3.806000
3.833000
3.721000
4.225000
3.852000
3.792000
4.071000
3.831000
3.712000
3.737000
3.911000
3.963000
3.890000
3.754000
3.854000
3.757000
3.926000
3.827000
3.783000
3.854000
3.813000
3.768000
3.793000
3.940000
