3.882000
4.160000
5.117000
3.776000
4.563000
6.261000
4.318000
5.493000
3.853000
4.545000
3.845000
3.744000
3.882000
3.696000
3.729000
3.759000
3.728000
3.712000
3.797000
3.757000
3.808000
4.662000
3.807000
4.642000
3.959000
6.090000
4.636000
3.962000
4.212000
3.996000
4.165000
3.906000
3.754000
3.858000
3.721000
3.746000
3.796000
4.664000
4.227000
3.871000
4.037000
4.003000
4.288000
3.976000
4.560000
4.014000
4.953000
4.483000
4.112000
3.806000
4.349000
3.975000
4.065000
4.145000
4.139000
4.901000
3.905000
3.839000
3.819000
3.924000
4.098000
4.127000
3.790000
3.724000
5.428000
3.342000
3.376000
3.802000
4.251000
3.770000
3.804000
3.738000
3.773000
3.763000
3.744000
3.770000
3.721000
3.742000
3.711000
3.758000
3.763000
3.871000
3.830000
3.716000
3.726000
3.824000
3.725000
3.717000
3.779000
3.720000
3.784000
3.718000
3.945000
3.769000
3.892000
3.765000
3.878000
3.786000
3.710000
3.761000
