3.779000
4.477000
5.387000
3.765000
5.081000
4.105000
4.072000
4.083000
4.008000
4.271000
3.838000
4.273000
3.766000
3.722000
3.872000
3.939000
3.749000
3.713000
3.760000
3.734000
3.799000
3.726000
3.771000
3.722000
3.750000
3.805000
3.742000
3.751000
3.741000
3.783000
3.705000
3.755000
3.750000
3.718000
3.726000
3.743000
3.841000
3.740000
3.736000
3.718000
3.696000
3.719000
3.728000
3.703000
3.877000
3.851000
4.684000
3.777000
3.712000
3.832000
3.701000
3.815000
4.006000
4.108000
3.849000
3.852000
4.114000
4.251000
3.725000
4.101000
4.001000
4.268000
3.806000
5.180000
4.308000
3.789000
3.804000
3.919000
3.796000
3.798000
3.810000
3.711000
4.273000
3.922000
3.804000
3.707000
3.737000
3.729000
3.783000
3.757000
3.707000
3.809000
3.787000
3.767000
3.712000
3.771000
3.824000
3.787000
3.782000
3.710000
3.954000
3.899000
3.730000
3.725000
3.754000
3.711000
3.781000
3.725000
3.714000
4.020000
