3.737000
4.099000
3.777000
3.742000
4.031000
3.837000
4.543000
3.783000
3.703000
3.728000
3.744000
3.687000
3.829000
4.472000
3.721000
4.357000
3.731000
3.747000
3.751000
4.098000
4.562000
3.765000
3.854000
4.135000
4.188000
3.796000
4.289000
3.941000
4.146000
3.812000
4.341000
3.763000
4.151000
3.901000
4.047000
4.325000
3.816000
4.529000
4.077000
4.156000
3.864000
3.827000
3.952000
4.040000
4.684000
4.760000
3.762000
4.285000
4.091000
3.788000
3.880000
4.138000
4.104000
3.849000
3.771000
3.871000
4.294000
3.940000
4.179000
4.717000
3.935000
3.972000
3.884000
4.844000
3.825000
5.940000
4.167000
3.918000
4.035000
4.049000
4.599000
4.073000
4.421000
4.158000
4.122000
4.149000
4.213000
4.253000
4.824000
4.126000
4.047000
4.205000
4.105000
4.137000
4.060000
3.911000
3.908000
3.721000
3.807000
3.753000
4.110000
4.560000
3.734000
3.786000
4.876000
4.491000
3.668000
3.756000
4.031000
3.828000
