3.752000
4.656000
4.190000
4.201000
3.965000
3.797000
4.797000
4.399000
4.066000
4.224000
4.577000
4.014000
4.197000
3.800000
3.715000
4.168000
3.736000
3.736000
3.751000
3.969000
3.860000
3.938000
3.831000
4.103000
3.919000
3.710000
4.209000
4.089000
5.181000
4.047000
4.084000
4.055000
4.206000
4.133000
4.507000
3.707000
3.778000
3.720000
3.853000
4.310000
3.762000
3.704000
3.721000
3.707000
3.845000
3.646000
3.722000
3.831000
4.244000
4.282000
3.871000
3.727000
3.910000
4.270000
3.804000
4.246000
4.625000
4.288000
3.746000
3.888000
4.990000
5.073000
4.290000
3.733000
3.821000
5.395000
3.927000
3.895000
3.971000
5.706000
3.964000
3.922000
4.092000
4.185000
4.005000
4.129000
3.932000
3.958000
4.020000
3.937000
3.993000
3.887000
3.878000
4.157000
3.797000
3.790000
3.851000
4.619000
4.457000
3.794000
3.760000
4.141000
4.345000
3.978000
3.791000
4.076000
3.829000
4.340000
4.082000
4.040000
