3.752000
3.849000
3.843000
5.072000
3.736000
3.905000
3.847000
3.723000
3.779000
3.951000
3.804000
3.964000
4.639000
3.852000
3.759000
5.076000
4.807000
4.278000
3.782000
3.833000
3.727000
4.020000
3.902000
4.086000
3.713000
4.702000
3.701000
3.997000
4.493000
3.923000
3.790000
4.517000
3.800000
3.738000
3.681000
3.693000
3.639000
3.751000
3.714000
3.714000
4.476000
3.684000
3.745000
4.476000
3.702000
4.617000
3.714000
4.498000
3.747000
3.761000
3.736000
3.707000
3.704000
4.505000
3.715000
3.856000
3.800000
4.230000
3.841000
4.143000
4.691000
3.982000
3.807000
4.631000
3.952000
4.266000
4.244000
4.095000
3.966000
4.298000
3.868000
4.540000
3.893000
3.895000
3.686000
4.231000
3.757000
4.590000
3.812000
3.937000
3.809000
4.110000
3.792000
3.893000
3.910000
4.526000
4.463000
3.880000
3.922000
4.065000
3.789000
3.786000
4.180000
3.881000
3.777000
4.049000
3.805000
4.109000
4.019000
3.784000
