3.896000
4.313000
6.469000
4.218000
3.714000
4.172000
4.804000
4.655000
4.272000
3.881000
5.063000
3.805000
3.731000
3.750000
3.772000
3.897000
4.297000
3.764000
3.870000
3.726000
3.730000
3.762000
3.806000
3.703000
3.723000
3.780000
3.857000
3.741000
3.817000
4.569000
3.715000
3.817000
3.715000
3.745000
3.758000
3.761000
3.693000
4.329000
3.852000
4.527000
3.708000
3.848000
3.778000
4.495000
3.731000
3.779000
3.742000
4.255000
3.738000
3.787000
3.849000
3.665000
3.713000
3.867000
4.510000
3.730000
4.407000
3.791000
3.961000
4.015000
4.210000
3.814000
4.521000
3.834000
3.800000
3.996000
4.479000
3.781000
4.484000
5.630000
4.559000
3.936000
3.744000
3.797000
3.785000
3.745000
3.823000
3.747000
3.754000
3.722000
4.090000
3.715000
3.714000
4.244000
3.745000
3.833000
3.707000
3.762000
3.722000
3.719000
3.929000
3.710000
4.343000
3.747000
3.663000
3.777000
3.693000
4.368000
3.704000
3.853000
