3.789000
4.111000
3.943000
4.482000
3.736000
3.732000
3.826000
5.076000
4.072000
3.873000
4.572000
3.884000
3.854000
4.441000
3.679000
3.820000
4.529000
3.747000
3.749000
3.765000
3.753000
3.924000
3.728000
3.781000
3.753000
3.747000
3.792000
3.726000
3.871000
3.744000
3.712000
4.896000
3.704000
3.768000
3.756000
3.694000
3.705000
3.737000
3.720000
3.736000
3.727000
3.738000
3.753000
3.780000
3.732000
3.730000
3.723000
3.741000
3.742000
3.749000
4.962000
3.707000
3.784000
3.804000
4.204000
3.756000
3.782000
3.790000
3.919000
3.725000
3.801000
3.848000
3.754000
3.917000
4.500000
3.763000
3.734000
3.886000
3.724000
3.834000
4.312000
3.693000
3.861000
3.766000
4.014000
3.773000
3.733000
3.880000
3.983000
3.955000
3.742000
3.790000
4.383000
3.874000
3.840000
3.678000
3.758000
3.752000
3.949000
4.527000
3.770000
3.743000
3.904000
3.776000
3.706000
4.066000
3.735000
3.712000
3.791000
3.773000
