3.781000
3.941000
3.978000
3.774000
4.120000
5.930000
3.902000
3.932000
5.050000
4.069000
4.039000
3.757000
4.111000
4.024000
3.755000
3.766000
3.738000
3.768000
3.764000
3.732000
3.706000
3.740000
3.796000
3.722000
3.725000
3.719000
3.747000
3.720000
3.773000
3.731000
3.746000
3.764000
3.720000
3.747000
3.698000
3.752000
3.821000
3.694000
4.836000
3.732000
3.833000
3.738000
3.724000
3.756000
3.721000
3.776000
3.896000
3.941000
3.846000
3.852000
3.773000
3.780000
3.973000
3.731000
3.922000
3.825000
3.826000
3.776000
3.860000
3.949000
3.849000
4.273000
3.910000
3.773000
3.751000
3.813000
3.768000
3.748000
3.726000
3.808000
3.780000
3.850000
3.771000
3.763000
3.742000
3.765000
3.705000
3.786000
3.707000
3.729000
3.767000
3.739000
3.782000
3.867000
4.278000
3.791000
3.748000
3.811000
3.745000
3.760000
3.766000
3.757000
3.891000
3.866000
3.750000
3.735000
3.768000
3.773000
3.781000
3.756000
