3.764000
3.822000
3.912000
3.708000
3.727000
4.134000
3.925000
3.788000
3.710000
4.098000
3.836000
3.725000
3.771000
3.875000
3.730000
3.747000
3.753000
3.755000
4.245000
3.807000
3.706000
4.033000
3.854000
4.021000
3.917000
3.746000
3.970000
3.708000
3.752000
4.321000
3.814000
3.824000
3.754000
3.931000
3.929000
3.708000
4.054000
3.899000
3.915000
3.841000
3.937000
4.092000
3.770000
3.718000
3.959000
4.184000
4.217000
3.944000
3.842000
3.906000
4.209000
4.840000
4.629000
4.287000
4.276000
3.995000
3.733000
3.943000
3.870000
4.501000
4.160000
4.217000
3.692000
3.770000
3.730000
4.528000
3.714000
3.748000
3.796000
3.744000
3.881000
3.757000
3.698000
3.877000
4.091000
4.507000
3.738000
3.732000
3.655000
3.710000
3.718000
3.772000
3.686000
3.736000
3.680000
3.700000
3.833000
3.737000
3.750000
3.685000
3.645000
4.214000
3.700000
3.723000
4.501000
3.725000
3.738000
3.716000
3.705000
4.340000
