3.838000
3.953000
3.759000
3.844000
3.800000
5.569000
3.727000
3.873000
3.779000
4.678000
4.177000
4.043000
3.835000
4.300000
4.925000
3.930000
4.149000
4.151000
3.766000
4.188000
4.028000
3.655000
3.825000
3.782000
3.703000
3.741000
3.815000
3.761000
3.758000
3.753000
3.757000
3.697000
3.776000
3.744000
3.717000
3.791000
3.725000
3.696000
3.708000
3.869000
3.975000
3.726000
3.844000
3.713000
3.798000
3.899000
3.771000
3.719000
3.773000
4.462000
3.774000
3.818000
3.721000
4.094000
3.911000
3.754000
3.965000
3.696000
4.388000
3.735000
3.759000
3.903000
3.734000
3.795000
3.938000
3.776000
3.818000
3.724000
4.127000
4.014000
3.755000
3.771000
3.836000
3.791000
3.900000
3.846000
3.804000
4.774000
3.803000
3.867000
4.126000
3.878000
3.909000
4.008000
3.816000
3.862000
3.875000
3.850000
3.997000
3.844000
3.762000
3.899000
3.749000
3.854000
3.964000
3.777000
3.827000
3.694000
3.777000
4.105000
