3.914000
3.743000
4.182000
4.810000
4.065000
4.351000
4.071000
3.829000
3.840000
4.225000
3.986000
3.838000
3.670000
3.780000
3.801000
3.745000
3.741000
4.635000
3.771000
4.518000
4.586000
3.753000
3.896000
3.860000
3.702000
3.741000
4.780000
3.727000
4.476000
3.773000
3.715000
3.747000
3.747000
4.090000
4.313000
4.625000
4.366000
3.703000
3.768000
3.654000
3.725000
3.907000
3.683000
3.732000
3.716000
3.764000
3.771000
3.701000
3.762000
4.454000
3.819000
4.064000
4.050000
4.274000
3.803000
4.703000
4.139000
4.492000
4.253000
4.589000
4.978000
4.132000
6.028000
4.198000
4.241000
4.982000
4.591000
3.924000
4.677000
5.256000
4.214000
4.101000
3.902000
4.503000
3.940000
4.363000
3.959000
4.635000
3.817000
4.178000
4.513000
4.294000
3.938000
3.817000
3.758000
3.801000
3.721000
4.499000
3.722000
4.593000
3.735000
3.831000
3.770000
3.716000
3.885000
3.870000
3.996000
3.763000
3.768000
3.726000
