3.813000
4.065000
4.542000
3.927000
3.754000
4.211000
4.681000
4.051000
4.366000
4.014000
4.236000
4.135000
4.302000
3.993000
5.403000
4.070000
3.945000
4.211000
3.745000
3.746000
3.741000
3.766000
4.206000
3.813000
3.759000
3.726000
4.665000
3.743000
3.775000
3.925000
3.911000
4.541000
3.695000
3.738000
3.749000
3.785000
3.696000
3.699000
3.704000
3.847000
4.667000
3.717000
3.879000
3.692000
3.763000
4.549000
3.736000
3.775000
3.742000
3.675000
3.675000
3.711000
3.761000
4.557000
3.727000
3.770000
3.981000
4.677000
4.114000
3.710000
3.802000
3.837000
4.382000
3.725000
3.853000
4.841000
4.642000
3.690000
4.022000
3.735000
4.411000
3.884000
4.601000
4.642000
4.006000
3.747000
3.710000
3.833000
3.692000
3.872000
3.742000
3.644000
4.393000
3.726000
3.831000
3.681000
3.688000
3.987000
3.747000
3.921000
3.975000
3.905000
4.213000
3.752000
3.715000
4.416000
4.507000
3.739000
4.019000
3.957000
