4.627000
3.841000
3.771000
3.818000
3.950000
4.085000
3.905000
3.777000
4.301000
3.696000
3.917000
3.998000
3.865000
4.512000
4.048000
3.743000
4.043000
3.727000
3.880000
3.848000
3.957000
3.750000
3.751000
3.721000
3.765000
3.729000
3.755000
3.849000
3.735000
3.736000
3.797000
3.815000
3.782000
3.730000
3.859000
3.768000
3.839000
3.972000
3.687000
3.782000
3.720000
3.792000
3.778000
3.796000
4.904000
3.816000
3.814000
3.874000
3.988000
4.563000
3.813000
3.794000
4.039000
3.821000
4.009000
3.871000
4.564000
4.128000
4.652000
3.881000
3.847000
4.226000
3.835000
4.662000
3.829000
4.027000
4.006000
4.201000
4.012000
3.942000
3.901000
4.624000
3.945000
3.817000
3.858000
3.748000
3.781000
3.781000
3.695000
3.798000
3.723000
3.780000
3.771000
3.724000
3.900000
4.323000
3.757000
3.764000
3.733000
3.864000
4.431000
3.720000
3.774000
3.726000
3.789000
3.781000
3.761000
3.718000
3.770000
3.721000
