4.041000
3.891000
3.924000
4.259000
3.752000
4.823000
3.962000
3.721000
3.815000
4.469000
3.804000
3.707000
3.736000
3.721000
4.031000
4.377000
3.694000
3.679000
3.724000
3.747000
4.490000
3.805000
3.690000
3.710000
3.791000
3.712000
3.747000
3.843000
3.770000
4.568000
3.704000
4.490000
3.775000
4.396000
3.764000
3.712000
3.800000
4.555000
3.692000
3.752000
3.691000
3.703000
3.719000
3.840000
3.724000
4.060000
3.965000
3.955000
3.850000
3.945000
3.747000
3.903000
4.034000
3.812000
3.700000
4.351000
4.014000
4.345000
3.846000
3.796000
4.020000
4.567000
5.341000
4.150000
4.020000
4.161000
3.958000
3.868000
3.936000
3.703000
4.068000
4.149000
3.778000
3.712000
4.505000
4.558000
4.461000
3.742000
3.694000
3.726000
3.793000
3.683000
3.760000
3.690000
3.764000
3.709000
3.769000
3.688000
4.018000
3.699000
3.693000
3.714000
4.280000
3.780000
3.753000
3.754000
6.105000
3.704000
3.743000
3.913000
