5.025000
4.187000
3.963000
4.639000
4.184000
3.984000
3.888000
4.090000
3.758000
3.886000
3.846000
3.844000
3.958000
3.786000
3.804000
3.774000
3.779000
3.702000
3.709000
3.802000
3.681000
3.836000
3.742000
3.701000
3.756000
3.755000
3.815000
3.813000
4.059000
3.793000
3.788000
3.807000
3.779000
3.814000
3.760000
3.810000
3.775000
3.829000
3.755000
3.718000
3.755000
3.723000
3.783000
3.759000
3.690000
3.764000
3.731000
3.704000
3.794000
3.746000
3.742000
3.784000
3.810000
3.817000
3.833000
3.752000
3.837000
3.972000
3.953000
3.776000
3.911000
3.922000
3.767000
4.617000
3.813000
4.123000
3.835000
3.821000
3.971000
4.025000
3.757000
3.850000
3.855000
3.771000
3.771000
4.122000
3.915000
3.833000
3.872000
3.853000
3.699000
3.818000
3.956000
4.007000
3.837000
3.781000
3.821000
3.819000
3.712000
3.841000
3.782000
3.798000
3.832000
3.704000
4.094000
3.836000
3.877000
3.938000
3.907000
4.030000
