4.259000
3.967000
4.195000
4.329000
3.980000
4.551000
3.851000
4.537000
4.660000
5.053000
5.665000
3.820000
4.742000
4.536000
4.300000
3.884000
4.651000
4.690000
4.047000
4.180000
4.044000
3.891000
3.861000
3.717000
4.171000
3.729000
4.710000
3.724000
4.227000
3.778000
3.786000
3.729000
3.765000
3.994000
3.710000
4.586000
3.787000
3.776000
3.728000
3.765000
3.797000
4.138000
4.149000
3.713000
3.758000
4.558000
3.707000
3.728000
3.777000
3.762000
4.493000
3.939000
3.732000
3.716000
4.071000
3.711000
3.860000
3.883000
3.822000
4.018000
4.398000
3.983000
4.533000
3.861000
3.806000
3.830000
3.936000
3.880000
3.743000
4.077000
4.251000
4.515000
3.942000
4.138000
4.091000
3.999000
4.152000
3.803000
3.899000
3.801000
4.600000
3.862000
4.002000
3.823000
3.838000
3.890000
4.111000
4.533000
4.598000
3.772000
3.775000
3.776000
3.810000
3.793000
3.741000
3.808000
3.950000
4.145000
4.548000
3.986000
