3.822000
3.941000
4.830000
3.947000
3.740000
3.871000
3.728000
3.782000
4.215000
4.363000
3.792000
3.848000
3.915000
3.873000
4.833000
3.856000
4.346000
3.989000
3.826000
3.697000
3.881000
3.768000
3.800000
3.766000
3.751000
3.790000
3.745000
3.816000
3.753000
3.761000
3.744000
3.821000
3.838000
3.994000
3.710000
3.790000
3.725000
4.078000
3.787000
3.741000
3.804000
3.770000
4.001000
3.858000
3.792000
3.783000
3.873000
3.723000
3.922000
3.845000
3.781000
3.852000
3.789000
3.841000
3.718000
3.804000
3.802000
4.212000
3.838000
3.794000
3.785000
3.881000
3.742000
4.091000
3.720000
3.766000
5.150000
3.779000
3.750000
3.787000
3.753000
3.985000
3.748000
3.784000
3.898000
3.730000
3.879000
3.777000
3.791000
4.055000
3.772000
3.703000
3.895000
3.769000
3.926000
3.761000
3.734000
4.261000
3.770000
3.935000
3.784000
3.728000
4.232000
3.761000
3.777000
3.925000
3.790000
3.884000
3.746000
3.765000
