3.819000
3.780000
3.748000
3.941000
4.359000
3.962000
4.282000
4.658000
4.117000
3.768000
4.139000
4.744000
4.065000
3.747000
3.824000
3.707000
3.756000
4.051000
3.921000
3.694000
3.764000
3.708000
4.190000
3.703000
3.804000
3.696000
3.702000
3.733000
3.744000
3.742000
3.722000
3.742000
3.747000
4.581000
3.840000
3.907000
3.926000
4.242000
3.713000
3.734000
3.762000
3.780000
3.734000
3.917000
3.766000
3.720000
3.740000
4.494000
3.742000
3.781000
4.384000
4.164000
3.763000
4.319000
4.017000
3.745000
3.993000
4.136000
3.718000
4.087000
3.723000
4.083000
4.755000
3.730000
3.748000
3.993000
4.277000
3.837000
3.782000
3.695000
4.043000
3.783000
4.687000
3.903000
3.756000
3.816000
3.858000
3.728000
3.938000
3.705000
3.739000
4.396000
3.721000
4.374000
4.723000
3.785000
3.775000
4.653000
3.698000
3.968000
4.227000
3.668000
4.364000
3.731000
3.738000
4.520000
3.719000
4.018000
3.742000
4.661000
