3.827000
4.146000
3.727000
4.228000
3.925000
3.728000
3.946000
6.479000
4.018000
4.063000
4.961000
3.837000
4.162000
4.034000
3.813000
3.761000
3.923000
3.901000
3.790000
3.760000
3.726000
3.749000
4.307000
3.712000
3.752000
3.897000
3.743000
3.759000
3.750000
3.866000
3.814000
3.830000
3.801000
3.737000
3.894000
3.892000
3.736000
3.744000
3.710000
3.905000
3.904000
3.722000
3.790000
3.742000
3.762000
3.737000
3.749000
3.778000
3.779000
4.164000
3.815000
3.788000
3.803000
3.859000
3.848000
3.894000
3.812000
3.939000
3.806000
3.675000
3.872000
3.750000
3.832000
3.870000
3.773000
3.867000
3.846000
4.277000
3.839000
3.772000
3.801000
4.059000
4.285000
3.785000
3.916000
4.587000
3.793000
3.924000
4.123000
3.773000
4.098000
3.778000
3.798000
3.798000
3.770000
3.903000
3.970000
3.923000
3.907000
3.787000
3.879000
3.898000
3.755000
3.720000
3.833000
3.777000
3.896000
3.937000
5.737000
3.941000
