4.099000
4.048000
3.749000
5.110000
4.252000
3.815000
4.365000
4.973000
4.206000
4.506000
4.282000
4.372000
3.775000
3.785000
5.557000
4.473000
3.813000
3.759000
3.768000
3.817000
3.862000
3.771000
3.806000
3.838000
3.893000
3.737000
3.744000
3.792000
3.776000
3.722000
3.763000
3.734000
3.734000
3.772000
3.981000
3.801000
3.754000
3.800000
3.804000
3.719000
3.764000
3.724000
3.728000
3.699000
3.751000
3.757000
3.737000
5.238000
3.782000
3.739000
4.132000
3.710000
3.717000
3.759000
4.328000
3.829000
3.819000
3.929000
3.873000
3.711000
3.774000
3.746000
3.740000
3.954000
3.714000
3.758000
3.764000
3.893000
3.827000
3.759000
3.780000
4.265000
3.752000
3.741000
3.897000
3.749000
3.794000
3.887000
3.714000
4.057000
3.741000
3.873000
3.832000
3.822000
4.633000
3.789000
3.936000
3.995000
3.781000
3.749000
3.763000
3.785000
4.049000
3.706000
3.792000
3.822000
3.779000
3.901000
3.707000
3.744000
