4.264000
3.773000
4.740000
3.716000
3.982000
3.752000
3.720000
3.836000
3.792000
4.015000
4.535000
3.973000
3.872000
4.641000
4.017000
4.595000
4.508000
4.407000
3.854000
4.321000
4.468000
3.955000
4.147000
3.863000
3.770000
3.992000
3.935000
4.309000
3.752000
3.697000
3.786000
4.188000
4.119000
3.725000
3.839000
3.912000
4.700000
3.805000
3.718000
3.734000
3.833000
3.801000
4.205000
3.785000
4.544000
3.763000
4.140000
4.087000
3.778000
3.833000
4.067000
3.767000
3.769000
4.071000
3.829000
3.725000
3.770000
3.737000
4.523000
3.711000
4.559000
3.888000
3.766000
3.731000
4.193000
4.271000
4.408000
4.086000
3.696000
4.154000
4.352000
3.780000
3.824000
4.394000
3.788000
4.349000
3.831000
3.781000
4.351000
3.716000
4.079000
3.888000
4.522000
4.541000
3.831000
4.001000
4.506000
3.720000
3.789000
4.209000
4.383000
3.832000
3.735000
3.771000
4.142000
4.648000
3.947000
4.358000
3.780000
3.899000
